101 0.01 400
0 5e-05 0.0002 0.00045 0.0008 0.00125 0.0018 0.00245 0.0032 0.00405 0.005 0.00605 0.0072 0.00845 0.0098 0.01125 0.0128 0.01445 0.0162 0.01805 0.02 0.02205 0.0242 0.02645 0.0288 0.03125 0.0338 0.03645 0.0392 0.04205 0.045 0.04805 0.0512 0.05445 0.0578 0.06125 0.0648 0.06845 0.0722 0.07605 0.08 0.08405 0.0882 0.09245 0.0968 0.10125 0.1058 0.11045 0.1152 0.12005 0.125 0.13005 0.1352 0.14045 0.1458 0.15125 0.1568 0.16245 0.1682 0.17405 0.18 0.18605 0.1922 0.19845 0.2048 0.21125 0.2178 0.22445 0.2312 0.23805 0.245 0.25205 0.2592 0.26645 0.2738 0.28125 0.2888 0.29645 0.3042 0.31205 0.32 0.32805 0.3362 0.34445 0.3528 0.36125 0.3698 0.37845 0.3872 0.39605 0.405 0.41405 0.4232 0.43245 0.4418 0.45125 0.4608 0.47045 0.4802 0.49005 0.5 
5e-05 0.000443401 0.00083743 0.00127224 0.00176702 0.00233252 0.00297557 0.00370087 0.00451191 0.00541136 0.00640134 0.00748356 0.00865942 0.00993009 0.0112965 0.0127595 0.0143197 0.0159777 0.0177338 0.0195886 0.0215422 0.023595 0.0257471 0.0279986 0.0303498 0.0328006 0.0353512 0.0380017 0.040752 0.0436022 0.0465524 0.0496025 0.0527526 0.0560026 0.0593527 0.0628027 0.0663527 0.0700027 0.0737527 0.0776027 0.0815527 0.0856027 0.0897527 0.0940027 0.0983527 0.102803 0.107353 0.112003 0.116753 0.121603 0.126553 0.131603 0.136753 0.142003 0.147353 0.152803 0.158353 0.164003 0.169753 0.175603 0.181553 0.187603 0.193753 0.200003 0.206353 0.212803 0.219353 0.226003 0.232753 0.239602 0.246552 0.253602 0.260752 0.268002 0.275351 0.282801 0.29035 0.297999 0.305747 0.313595 0.321542 0.329589 0.337734 0.345978 0.35432 0.362759 0.371297 0.37993 0.388659 0.397484 0.406401 0.415411 0.424512 0.433701 0.442976 0.452333 0.461767 0.471272 0.480837 0.490443 0.50005 
0.0002 0.00083743 0.00143658 0.00203823 0.00266822 0.00334356 0.00407601 0.00487416 0.00574452 0.00669218 0.00772123 0.008835 0.0100362 0.0113272 0.0127097 0.0141855 0.0157557 0.0174215 0.0191838 0.0210432 0.0230004 0.0250559 0.02721 0.0294631 0.0318154 0.0342671 0.0368183 0.0394692 0.0422199 0.0450703 0.0480206 0.0510709 0.054221 0.0574711 0.0608212 0.0642712 0.0678213 0.0714713 0.0752213 0.0790713 0.0830213 0.0870713 0.0912213 0.0954713 0.0998213 0.104271 0.108821 0.113471 0.118221 0.123071 0.128021 0.133071 0.138221 0.143471 0.148821 0.154271 0.159821 0.165471 0.171221 0.177071 0.183021 0.189071 0.195221 0.201471 0.207821 0.214271 0.220821 0.227471 0.234221 0.241071 0.248021 0.25507 0.26222 0.269469 0.276818 0.284267 0.291815 0.299463 0.30721 0.315056 0.323 0.331043 0.339184 0.347422 0.355756 0.364185 0.37271 0.381327 0.390036 0.398835 0.407721 0.416692 0.425745 0.434874 0.444076 0.453344 0.462668 0.472038 0.481437 0.490837 0.5002 
0.00045 0.00127224 0.00203823 0.00278328 0.00353385 0.00430951 0.00512495 0.00599148 0.00691795 0.00791149 0.00897789 0.0101219 0.0113475 0.0126581 0.0140562 0.0155443 0.0171243 0.0187977 0.0205658 0.0224298 0.0243905 0.0264486 0.0286048 0.0308593 0.0332127 0.0356652 0.0382171 0.0408684 0.0436193 0.04647 0.0494205 0.0524708 0.055621 0.0588712 0.0622213 0.0656714 0.0692214 0.0728715 0.0766215 0.0804715 0.0844215 0.0884715 0.0926215 0.0968715 0.101222 0.105672 0.110222 0.114872 0.119622 0.124472 0.129422 0.134472 0.139622 0.144872 0.150222 0.155672 0.161222 0.166872 0.172622 0.178472 0.184422 0.190472 0.196621 0.202871 0.209221 0.215671 0.222221 0.228871 0.235621 0.242471 0.24942 0.25647 0.263619 0.270868 0.278217 0.285665 0.293213 0.300859 0.308605 0.316449 0.324391 0.33243 0.340566 0.348798 0.357124 0.365544 0.374056 0.382658 0.391348 0.400122 0.408978 0.417911 0.426918 0.435991 0.445125 0.45431 0.463534 0.472783 0.482038 0.491272 0.50045 
0.0008 0.00176702 0.00266822 0.00353385 0.00438892 0.00525358 0.00614393 0.00707298 0.00805128 0.00908752 0.0101889 0.0113614 0.01261 0.0139391 0.015352 0.0168519 0.0184411 0.0201218 0.0218956 0.0237639 0.025728 0.0277886 0.0299467 0.0322027 0.0345571 0.0370104 0.0395628 0.0422146 0.0449658 0.0478167 0.0507673 0.0538178 0.0569681 0.0602183 0.0635684 0.0670185 0.0705686 0.0742186 0.0779686 0.0818187 0.0857687 0.0898187 0.0939687 0.0982187 0.102569 0.107019 0.111569 0.116219 0.120969 0.125819 0.130769 0.135819 0.140969 0.146219 0.151569 0.157019 0.162569 0.168219 0.173969 0.179819 0.185769 0.191819 0.197969 0.204219 0.210569 0.217019 0.223568 0.230218 0.236968 0.243818 0.250767 0.257817 0.264966 0.272215 0.279563 0.28701 0.294557 0.302203 0.309947 0.317789 0.325728 0.333764 0.341896 0.350122 0.358441 0.366852 0.375352 0.383939 0.39261 0.401361 0.410189 0.419088 0.428051 0.437073 0.446144 0.455254 0.464389 0.473534 0.482668 0.491767 0.5008 
0.00125 0.00233252 0.00334356 0.00430951 0.00525358 0.00619555 0.00715206 0.00813706 0.00916223 0.0102374 0.0113709 0.0125697 0.0138397 0.015186 0.0166128 0.0181237 0.0197216 0.0214091 0.0231882 0.0250607 0.0270279 0.0290909 0.0312508 0.0335082 0.0358636 0.0383177 0.0408706 0.0435227 0.0462743 0.0491253 0.0520761 0.0551267 0.058277 0.0615273 0.0648775 0.0683276 0.0718777 0.0755277 0.0792777 0.0831278 0.0870778 0.0911278 0.0952778 0.0995278 0.103878 0.108328 0.112878 0.117528 0.122278 0.127128 0.132078 0.137128 0.142278 0.147528 0.152878 0.158328 0.163878 0.169528 0.175278 0.181128 0.187078 0.193128 0.199278 0.205528 0.211878 0.218328 0.224877 0.231527 0.238277 0.245127 0.252076 0.259125 0.266274 0.273523 0.280871 0.288318 0.295864 0.303508 0.311251 0.319091 0.327028 0.335061 0.343188 0.351409 0.359722 0.368124 0.376613 0.385186 0.39384 0.40257 0.411371 0.420237 0.429162 0.438137 0.447152 0.456196 0.465254 0.47431 0.483344 0.492333 0.50125 
0.0018 0.00297557 0.00407601 0.00512495 0.00614393 0.00715206 0.00816601 0.00920018 0.010267 0.011377 0.0125395 0.0137621 0.0150517 0.0164138 0.0178533 0.0193743 0.0209803 0.0226742 0.0244582 0.0263345 0.0283047 0.03037 0.0325315 0.0347902 0.0371466 0.0396013 0.0421548 0.0448073 0.0475591 0.0504103 0.0533612 0.0564119 0.0595623 0.0628126 0.0661628 0.069613 0.0731631 0.0768131 0.0805632 0.0844132 0.0883632 0.0924132 0.0965632 0.100813 0.105163 0.109613 0.114163 0.118813 0.123563 0.128413 0.133363 0.138413 0.143563 0.148813 0.154163 0.159613 0.165163 0.170813 0.176563 0.182413 0.188363 0.194413 0.200563 0.206813 0.213163 0.219613 0.226163 0.232813 0.239562 0.246412 0.253361 0.26041 0.267559 0.274807 0.282155 0.289601 0.297147 0.30479 0.312532 0.32037 0.328305 0.336335 0.344458 0.352674 0.36098 0.369374 0.377853 0.386414 0.395052 0.403762 0.412539 0.421377 0.430267 0.4392 0.448166 0.457152 0.466144 0.475125 0.484076 0.492976 0.5018 
0.00245 0.00370087 0.00487416 0.00599148 0.00707298 0.00813706 0.00920018 0.0102769 0.0113801 0.0125209 0.0137091 0.0149531 0.0162601 0.0176365 0.0190876 0.0206179 0.0222312 0.0239308 0.0257194 0.0275992 0.0295721 0.0316395 0.0338026 0.0360624 0.0384197 0.0408751 0.043429 0.0460818 0.0488339 0.0516853 0.0546364 0.0576871 0.0608376 0.0640879 0.0674382 0.0708883 0.0744384 0.0780885 0.0818386 0.0856886 0.0896386 0.0936886 0.0978386 0.102089 0.106439 0.110889 0.115439 0.120089 0.124839 0.129689 0.134639 0.139689 0.144839 0.150089 0.155439 0.160889 0.166439 0.172089 0.177839 0.183689 0.189639 0.195689 0.201839 0.208089 0.214438 0.220888 0.227438 0.234088 0.240838 0.247687 0.254636 0.261685 0.268834 0.276082 0.283429 0.290875 0.29842 0.306062 0.313803 0.321639 0.329572 0.337599 0.345719 0.353931 0.362231 0.370618 0.379088 0.387637 0.39626 0.404953 0.413709 0.422521 0.43138 0.440277 0.4492 0.458137 0.467073 0.475991 0.484874 0.493701 0.50245 
0.0032 0.00451191 0.00574452 0.00691795 0.00805128 0.00916223 0.010267 0.0113801 0.0125147 0.0136822 0.0148929 0.0161557 0.0174783 0.0188674 0.0203287 0.0218673 0.0234872 0.0251921 0.0269848 0.0288678 0.0308431 0.0329124 0.0350769 0.0373378 0.0396959 0.0421519 0.0447062 0.0473594 0.0501116 0.0529633 0.0559144 0.0589652 0.0621158 0.0653662 0.0687164 0.0721666 0.0757167 0.0793668 0.0831168 0.0869669 0.0909169 0.0949669 0.0991169 0.103367 0.107717 0.112167 0.116717 0.121367 0.126117 0.130967 0.135917 0.140967 0.146117 0.151367 0.156717 0.162167 0.167717 0.173367 0.179117 0.184967 0.190917 0.196967 0.203117 0.209367 0.215717 0.222167 0.228716 0.235366 0.242116 0.248965 0.255914 0.262963 0.270112 0.277359 0.284706 0.292152 0.299696 0.307338 0.315077 0.322912 0.330843 0.338868 0.346985 0.355192 0.363487 0.371867 0.380329 0.388867 0.397478 0.406156 0.414893 0.423682 0.432515 0.44138 0.450267 0.459162 0.468051 0.476918 0.485745 0.494512 0.5032 
0.00405 0.00541136 0.00669218 0.00791149 0.00908752 0.0102374 0.011377 0.0125209 0.0136822 0.0148727 0.0161029 0.017382 0.0187181 0.0201183 0.0215888 0.0231347 0.0247605 0.02647 0.0282664 0.0301522 0.0321297 0.0342007 0.0363665 0.0386284 0.0409872 0.0434437 0.0459984 0.0486519 0.0514044 0.0542561 0.0572074 0.0602582 0.0634089 0.0666593 0.0700096 0.0734598 0.0770099 0.08066 0.08441 0.0882601 0.0922101 0.0962601 0.10041 0.10466 0.10901 0.11346 0.11801 0.12266 0.12741 0.13226 0.13721 0.14226 0.14741 0.15266 0.15801 0.16346 0.16901 0.17466 0.18041 0.18626 0.19221 0.19826 0.20441 0.21066 0.21701 0.22346 0.23001 0.236659 0.243409 0.250258 0.257207 0.264256 0.271404 0.278652 0.285998 0.293444 0.300987 0.308628 0.316366 0.324201 0.33213 0.340152 0.348266 0.35647 0.36476 0.373135 0.381589 0.390118 0.398718 0.407382 0.416103 0.424873 0.433682 0.442521 0.451377 0.460237 0.469088 0.477911 0.486692 0.495411 0.50405 
0.005 0.00640134 0.00772123 0.00897789 0.0101889 0.0113709 0.0125395 0.0137091 0.0148929 0.0161029 0.0173496 0.0186427 0.0199905 0.0214004 0.0228788 0.0244311 0.026062 0.0277756 0.0295752 0.0314636 0.0334431 0.0355155 0.0376825 0.0399452 0.0423047 0.0447617 0.0473168 0.0499705 0.0527231 0.055575 0.0585264 0.0615773 0.064728 0.0679784 0.0713287 0.0747789 0.0783291 0.0819792 0.0857292 0.0895793 0.0935293 0.0975793 0.101729 0.105979 0.110329 0.114779 0.119329 0.123979 0.128729 0.133579 0.138529 0.143579 0.148729 0.153979 0.159329 0.164779 0.170329 0.175979 0.181729 0.187579 0.193529 0.199579 0.205729 0.211979 0.218329 0.224779 0.231329 0.237978 0.244728 0.251577 0.258526 0.265575 0.272723 0.27997 0.287317 0.294762 0.302305 0.309945 0.317683 0.325516 0.333443 0.341464 0.349575 0.357776 0.366062 0.374431 0.382879 0.3914 0.399991 0.408643 0.41735 0.426103 0.434893 0.443709 0.452539 0.461371 0.470189 0.478978 0.487721 0.496401 0.505 
0.00605 0.00748356 0.008835 0.0101219 0.0113614 0.0125697 0.0137621 0.0149531 0.0161557 0.017382 0.0186427 0.0199477 0.0213055 0.0227236 0.0242088 0.0257666 0.027402 0.0291192 0.0309216 0.0328121 0.0347933 0.0368671 0.0390351 0.0412985 0.0436586 0.046116 0.0486714 0.0513253 0.0540781 0.0569302 0.0598816 0.0629326 0.0660833 0.0693337 0.0726841 0.0761343 0.0796844 0.0833345 0.0870846 0.0909346 0.0948847 0.0989347 0.103085 0.107335 0.111685 0.116135 0.120685 0.125335 0.130085 0.134935 0.139885 0.144935 0.150085 0.155335 0.160685 0.166135 0.171685 0.177335 0.183085 0.188935 0.194885 0.200935 0.207085 0.213335 0.219684 0.226134 0.232684 0.239334 0.246083 0.252933 0.259882 0.26693 0.274078 0.281325 0.288671 0.296116 0.303659 0.311299 0.319035 0.326867 0.334793 0.342812 0.350922 0.359119 0.367402 0.375767 0.384209 0.392724 0.401305 0.409948 0.418643 0.427382 0.436156 0.444953 0.453762 0.46257 0.471361 0.480122 0.488835 0.497484 0.50605 
0.0072 0.00865942 0.0100362 0.0113475 0.01261 0.0138397 0.0150517 0.0162601 0.0174783 0.0187181 0.0199905 0.0213055 0.0226717 0.0240968 0.0255877 0.0271503 0.0287895 0.0305097 0.0323145 0.034207 0.0361896 0.0382645 0.0404334 0.0426975 0.045058 0.0475158 0.0500715 0.0527256 0.0554786 0.0583307 0.0612822 0.0643332 0.067484 0.0707345 0.0740848 0.077535 0.0810852 0.0847353 0.0884854 0.0923354 0.0962854 0.100335 0.104485 0.108735 0.113085 0.117535 0.122085 0.126735 0.131485 0.136335 0.141285 0.146335 0.151485 0.156735 0.162085 0.167535 0.173085 0.178735 0.184485 0.190335 0.196285 0.202335 0.208485 0.214735 0.221085 0.227535 0.234085 0.240734 0.247484 0.254333 0.261282 0.268331 0.275479 0.282726 0.290071 0.297516 0.305058 0.312697 0.320433 0.328265 0.33619 0.344207 0.352314 0.36051 0.368789 0.37715 0.385588 0.394097 0.402672 0.411305 0.419991 0.428718 0.437478 0.44626 0.455052 0.46384 0.47261 0.481348 0.490036 0.498659 0.5072 
0.00845 0.00993009 0.0113272 0.0126581 0.0139391 0.015186 0.0164138 0.0176365 0.0188674 0.0201183 0.0214004 0.0227236 0.0240968 0.0255278 0.0270236 0.0285901 0.0302325 0.0319553 0.0337622 0.0356562 0.0376402 0.039716 0.0418856 0.0441503 0.0465113 0.0489694 0.0515253 0.0541796 0.0569327 0.0597849 0.0627364 0.0657875 0.0689383 0.0721888 0.0755392 0.0789894 0.0825396 0.0861897 0.0899397 0.0937898 0.0977398 0.10179 0.10594 0.11019 0.11454 0.11899 0.12354 0.12819 0.13294 0.13779 0.14274 0.14779 0.15294 0.15819 0.16354 0.16899 0.17454 0.18019 0.18594 0.19179 0.19774 0.20379 0.20994 0.21619 0.22254 0.228989 0.235539 0.242189 0.248938 0.255788 0.262736 0.269785 0.276933 0.28418 0.291525 0.298969 0.306511 0.31415 0.321886 0.329716 0.33764 0.345656 0.353762 0.361955 0.370233 0.37859 0.387024 0.395528 0.404097 0.412724 0.4214 0.430118 0.438867 0.447637 0.456414 0.465186 0.473939 0.482658 0.491327 0.49993 0.50845 
0.0098 0.0112965 0.0127097 0.0140562 0.015352 0.0166128 0.0178533 0.0190876 0.0203287 0.0215888 0.0228788 0.0242088 0.0255877 0.0270236 0.0285233 0.0300932 0.0317383 0.0334632 0.0352718 0.0371673 0.0391522 0.0412289 0.0433992 0.0456644 0.0480257 0.050484 0.0530401 0.0556946 0.0584478 0.0613001 0.0642517 0.0673028 0.0704536 0.0737041 0.0770545 0.0805047 0.0840549 0.087705 0.0914551 0.0953051 0.0992552 0.103305 0.107455 0.111705 0.116055 0.120505 0.125055 0.129705 0.134455 0.139305 0.144255 0.149305 0.154455 0.159705 0.165055 0.170505 0.176055 0.181705 0.187455 0.193305 0.199255 0.205305 0.211455 0.217705 0.224055 0.230505 0.237054 0.243704 0.250454 0.257303 0.264252 0.2713 0.278448 0.285695 0.29304 0.300484 0.308026 0.315664 0.323399 0.331229 0.339152 0.347167 0.355272 0.363463 0.371738 0.380093 0.388523 0.397024 0.405588 0.414209 0.422879 0.431589 0.440329 0.449088 0.457853 0.466613 0.475352 0.484056 0.49271 0.501297 0.5098 
0.01125 0.0127595 0.0141855 0.0155443 0.0168519 0.0181237 0.0193743 0.0206179 0.0218673 0.0231347 0.0244311 0.0257666 0.0271503 0.0285901 0.0300932 0.0316657 0.033313 0.0350398 0.0368498 0.0387464 0.0407323 0.0428096 0.0449804 0.047246 0.0496076 0.0520662 0.0546225 0.057277 0.0600303 0.0628827 0.0658343 0.0688855 0.0720363 0.0752868 0.0786372 0.0820875 0.0856377 0.0892878 0.0930378 0.0968879 0.100838 0.104888 0.109038 0.113288 0.117638 0.122088 0.126638 0.131288 0.136038 0.140888 0.145838 0.150888 0.156038 0.161288 0.166638 0.172088 0.177638 0.183288 0.189038 0.194888 0.200838 0.206888 0.213038 0.219288 0.225638 0.232087 0.238637 0.245287 0.252036 0.258885 0.265834 0.272883 0.28003 0.287277 0.294622 0.302066 0.309608 0.317246 0.32498 0.33281 0.340732 0.348746 0.35685 0.36504 0.373313 0.381666 0.390093 0.39859 0.40715 0.415767 0.424431 0.433135 0.441867 0.450618 0.459374 0.468124 0.476852 0.485544 0.494185 0.502759 0.51125 
0.0128 0.0143197 0.0157557 0.0171243 0.0184411 0.0197216 0.0209803 0.0222312 0.0234872 0.0247605 0.026062 0.027402 0.0287895 0.0302325 0.0317383 0.033313 0.0349622 0.0366904 0.0385016 0.0403991 0.0423857 0.0444637 0.0466349 0.0489008 0.0512627 0.0537214 0.0562779 0.0589325 0.0616859 0.0645383 0.06749 0.0705412 0.073692 0.0769426 0.080293 0.0837432 0.0872934 0.0909435 0.0946936 0.0985437 0.102494 0.106544 0.110694 0.114944 0.119294 0.123744 0.128294 0.132944 0.137694 0.142544 0.147494 0.152544 0.157694 0.162944 0.168294 0.173744 0.179294 0.184944 0.190694 0.196544 0.202494 0.208544 0.214694 0.220944 0.227293 0.233743 0.240293 0.246943 0.253692 0.260541 0.26749 0.274538 0.281686 0.288933 0.296278 0.303721 0.311263 0.318901 0.326635 0.334464 0.342386 0.350399 0.358502 0.36669 0.374962 0.383313 0.391738 0.400233 0.408789 0.417402 0.426062 0.43476 0.443487 0.452231 0.46098 0.469722 0.478441 0.487124 0.495756 0.50432 0.5128 
0.01445 0.0159777 0.0174215 0.0187977 0.0201218 0.0214091 0.0226742 0.0239308 0.0251921 0.02647 0.0277756 0.0291192 0.0305097 0.0319553 0.0334632 0.0350398 0.0366904 0.0384198 0.040232 0.0421303 0.0441175 0.0461959 0.0483674 0.0506336 0.0529957 0.0554546 0.0580112 0.0606659 0.0634193 0.0662718 0.0692235 0.0722747 0.0754256 0.0786762 0.0820266 0.0854768 0.089027 0.0926771 0.0964272 0.100277 0.104227 0.108277 0.112427 0.116677 0.121027 0.125477 0.130027 0.134677 0.139427 0.144277 0.149227 0.154277 0.159427 0.164677 0.170027 0.175477 0.181027 0.186677 0.192427 0.198277 0.204227 0.210277 0.216427 0.222677 0.229027 0.235477 0.242027 0.248676 0.255426 0.262275 0.269224 0.276272 0.283419 0.290666 0.298011 0.305455 0.312996 0.320634 0.328367 0.336196 0.344117 0.35213 0.360232 0.36842 0.37669 0.38504 0.393463 0.401955 0.41051 0.419119 0.427776 0.43647 0.445192 0.453931 0.462674 0.471409 0.480122 0.488798 0.497422 0.505978 0.51445 
0.0162 0.0177338 0.0191838 0.0205658 0.0218956 0.0231882 0.0244582 0.0257194 0.0269848 0.0282664 0.0295752 0.0309216 0.0323145 0.0337622 0.0352718 0.0368498 0.0385016 0.040232 0.0420449 0.0439438 0.0459315 0.0480103 0.0501821 0.0524486 0.0548108 0.0572699 0.0598265 0.0624813 0.0652348 0.0680873 0.071039 0.0740902 0.0772411 0.0804917 0.0838421 0.0872924 0.0908426 0.0944927 0.0982428 0.102093 0.106043 0.110093 0.114243 0.118493 0.122843 0.127293 0.131843 0.136493 0.141243 0.146093 0.151043 0.156093 0.161243 0.166493 0.171843 0.177293 0.182843 0.188493 0.194243 0.200093 0.206043 0.212093 0.218243 0.224493 0.230843 0.237292 0.243842 0.250492 0.257241 0.26409 0.271039 0.278087 0.285235 0.292481 0.299826 0.30727 0.314811 0.322449 0.330182 0.33801 0.345931 0.353944 0.362045 0.370232 0.378502 0.38685 0.395272 0.403762 0.412314 0.420922 0.429575 0.438266 0.446985 0.455719 0.464458 0.473188 0.481896 0.490566 0.499184 0.507734 0.5162 
0.01805 0.0195886 0.0210432 0.0224298 0.0237639 0.0250607 0.0263345 0.0275992 0.0288678 0.0301522 0.0314636 0.0328121 0.034207 0.0356562 0.0371673 0.0387464 0.0403991 0.0421303 0.0439438 0.0458432 0.0478313 0.0499104 0.0520824 0.054349 0.0567114 0.0591706 0.0617273 0.0643822 0.0671357 0.0699882 0.07294 0.0759912 0.0791421 0.0823927 0.0857431 0.0891934 0.0927435 0.0963937 0.100144 0.103994 0.107944 0.111994 0.116144 0.120394 0.124744 0.129194 0.133744 0.138394 0.143144 0.147994 0.152944 0.157994 0.163144 0.168394 0.173744 0.179194 0.184744 0.190394 0.196144 0.201994 0.207944 0.213994 0.220144 0.226394 0.232744 0.239193 0.245743 0.252393 0.259142 0.265991 0.27294 0.279988 0.287136 0.294382 0.301727 0.309171 0.316711 0.324349 0.332082 0.33991 0.347831 0.355843 0.363944 0.37213 0.380399 0.388746 0.397167 0.405656 0.414207 0.422812 0.431464 0.440152 0.448868 0.457599 0.466335 0.475061 0.483764 0.49243 0.501043 0.509589 0.51805 
0.02 0.0215422 0.0230004 0.0243905 0.025728 0.0270279 0.0283047 0.0295721 0.0308431 0.0321297 0.0334431 0.0347933 0.0361896 0.0376402 0.0391522 0.0407323 0.0423857 0.0441175 0.0459315 0.0478313 0.0498196 0.051899 0.0540713 0.056338 0.0587005 0.0611597 0.0637165 0.0663714 0.069125 0.0719775 0.0749293 0.0779805 0.0811314 0.084382 0.0877324 0.0911827 0.0947329 0.098383 0.102133 0.105983 0.109933 0.113983 0.118133 0.122383 0.126733 0.131183 0.135733 0.140383 0.145133 0.149983 0.154933 0.159983 0.165133 0.170383 0.175733 0.181183 0.186733 0.192383 0.198133 0.203983 0.209933 0.215983 0.222133 0.228383 0.234733 0.241183 0.247732 0.254382 0.261131 0.267981 0.274929 0.281977 0.289125 0.296371 0.303716 0.31116 0.3187 0.326338 0.334071 0.341899 0.34982 0.357831 0.365931 0.374117 0.382386 0.390732 0.399152 0.40764 0.41619 0.424793 0.433443 0.44213 0.450843 0.459572 0.468305 0.477028 0.485728 0.494391 0.503 0.511542 0.52 
0.02205 0.023595 0.0250559 0.0264486 0.0277886 0.0290909 0.03037 0.0316395 0.0329124 0.0342007 0.0355155 0.0368671 0.0382645 0.039716 0.0412289 0.0428096 0.0444637 0.0461959 0.0480103 0.0499104 0.051899 0.0539785 0.0561509 0.0584178 0.0607804 0.0632397 0.0657965 0.0684514 0.071205 0.0740576 0.0770094 0.0800606 0.0832115 0.0864621 0.0898125 0.0932628 0.096813 0.100463 0.104213 0.108063 0.112013 0.116063 0.120213 0.124463 0.128813 0.133263 0.137813 0.142463 0.147213 0.152063 0.157013 0.162063 0.167213 0.172463 0.177813 0.183263 0.188813 0.194463 0.200213 0.206063 0.212013 0.218063 0.224213 0.230463 0.236813 0.243263 0.249813 0.256462 0.263212 0.270061 0.277009 0.284058 0.291205 0.298451 0.305796 0.31324 0.32078 0.328418 0.336151 0.343979 0.351899 0.35991 0.36801 0.376196 0.384464 0.39281 0.401229 0.409716 0.418265 0.426867 0.435516 0.444201 0.452912 0.461639 0.47037 0.479091 0.487789 0.496449 0.505056 0.513595 0.52205 
0.0242 0.0257471 0.02721 0.0286048 0.0299467 0.0312508 0.0325315 0.0338026 0.0350769 0.0363665 0.0376825 0.0390351 0.0404334 0.0418856 0.0433992 0.0449804 0.0466349 0.0483674 0.0501821 0.0520824 0.0540713 0.0561509 0.0583235 0.0605904 0.062953 0.0654124 0.0679692 0.0706242 0.0733778 0.0762304 0.0791822 0.0822335 0.0853844 0.088635 0.0919854 0.0954357 0.0989859 0.102636 0.106386 0.110236 0.114186 0.118236 0.122386 0.126636 0.130986 0.135436 0.139986 0.144636 0.149386 0.154236 0.159186 0.164236 0.169386 0.174636 0.179986 0.185436 0.190986 0.196636 0.202386 0.208236 0.214186 0.220236 0.226386 0.232636 0.238986 0.245436 0.251985 0.258635 0.265384 0.272233 0.279182 0.28623 0.293378 0.300624 0.307969 0.315412 0.322953 0.33059 0.338323 0.346151 0.354071 0.362082 0.370182 0.378367 0.386635 0.39498 0.403399 0.411886 0.420433 0.429035 0.437683 0.446366 0.455077 0.463803 0.472532 0.481251 0.489947 0.498605 0.50721 0.515747 0.5242 
0.02645 0.0279986 0.0294631 0.0308593 0.0322027 0.0335082 0.0347902 0.0360624 0.0373378 0.0386284 0.0399452 0.0412985 0.0426975 0.0441503 0.0456644 0.047246 0.0489008 0.0506336 0.0524486 0.054349 0.056338 0.0584178 0.0605904 0.0628574 0.0652201 0.0676795 0.0702364 0.0728914 0.075645 0.0784976 0.0814494 0.0845007 0.0876516 0.0909022 0.0942526 0.0977029 0.101253 0.104903 0.108653 0.112503 0.116453 0.120503 0.124653 0.128903 0.133253 0.137703 0.142253 0.146903 0.151653 0.156503 0.161453 0.166503 0.171653 0.176903 0.182253 0.187703 0.193253 0.198903 0.204653 0.210503 0.216453 0.222503 0.228653 0.234903 0.241253 0.247703 0.254253 0.260902 0.267652 0.274501 0.281449 0.288498 0.295645 0.302891 0.310236 0.317679 0.32522 0.332857 0.34059 0.348418 0.356338 0.364349 0.372449 0.380634 0.388901 0.397246 0.405664 0.41415 0.422697 0.431299 0.439945 0.448628 0.457338 0.466062 0.47479 0.483508 0.492203 0.500859 0.509463 0.517999 0.52645 
0.0288 0.0303498 0.0318154 0.0332127 0.0345571 0.0358636 0.0371466 0.0384197 0.0396959 0.0409872 0.0423047 0.0436586 0.045058 0.0465113 0.0480257 0.0496076 0.0512627 0.0529957 0.0548108 0.0567114 0.0587005 0.0607804 0.062953 0.0652201 0.0675828 0.0700422 0.0725991 0.0752542 0.0780078 0.0808604 0.0838122 0.0868635 0.0900144 0.093265 0.0966154 0.100066 0.103616 0.107266 0.111016 0.114866 0.118816 0.122866 0.127016 0.131266 0.135616 0.140066 0.144616 0.149266 0.154016 0.158866 0.163816 0.168866 0.174016 0.179266 0.184616 0.190066 0.195616 0.201266 0.207016 0.212866 0.218816 0.224866 0.231016 0.237266 0.243616 0.250066 0.256615 0.263265 0.270014 0.276863 0.283812 0.29086 0.298008 0.305254 0.312599 0.320042 0.327583 0.33522 0.342953 0.35078 0.3587 0.366711 0.374811 0.382996 0.391263 0.399608 0.408026 0.416511 0.425058 0.433659 0.442305 0.450987 0.459696 0.46842 0.477147 0.485864 0.494557 0.503213 0.511815 0.52035 0.5288 
0.03125 0.0328006 0.0342671 0.0356652 0.0370104 0.0383177 0.0396013 0.0408751 0.0421519 0.0434437 0.0447617 0.046116 0.0475158 0.0489694 0.050484 0.0520662 0.0537214 0.0554546 0.0572699 0.0591706 0.0611597 0.0632397 0.0654124 0.0676795 0.0700422 0.0725017 0.0750586 0.0777136 0.0804673 0.0833199 0.0862717 0.089323 0.0924739 0.0957245 0.0990749 0.102525 0.106075 0.109726 0.113476 0.117326 0.121276 0.125326 0.129476 0.133726 0.138076 0.142526 0.147076 0.151726 0.156476 0.161326 0.166276 0.171326 0.176476 0.181726 0.187076 0.192526 0.198076 0.203726 0.209476 0.215326 0.221276 0.227326 0.233476 0.239726 0.246075 0.252525 0.259075 0.265724 0.272474 0.279323 0.286272 0.29332 0.300467 0.307714 0.315059 0.322502 0.330042 0.337679 0.345412 0.35324 0.36116 0.369171 0.37727 0.385455 0.393721 0.402066 0.410484 0.418969 0.427516 0.436116 0.444762 0.453444 0.462152 0.470875 0.479601 0.488318 0.49701 0.505665 0.514267 0.522801 0.53125 
0.0338 0.0353512 0.0368183 0.0382171 0.0395628 0.0408706 0.0421548 0.043429 0.0447062 0.0459984 0.0473168 0.0486714 0.0500715 0.0515253 0.0530401 0.0546225 0.0562779 0.0580112 0.0598265 0.0617273 0.0637165 0.0657965 0.0679692 0.0702364 0.0725991 0.0750586 0.0776155 0.0802706 0.0830242 0.0858768 0.0888287 0.0918799 0.0950308 0.0982815 0.101632 0.105082 0.108632 0.112282 0.116033 0.119883 0.123833 0.127883 0.132033 0.136283 0.140633 0.145083 0.149633 0.154283 0.159033 0.163883 0.168833 0.173883 0.179033 0.184283 0.189633 0.195083 0.200633 0.206283 0.212033 0.217883 0.223833 0.229883 0.236033 0.242282 0.248632 0.255082 0.261632 0.268281 0.275031 0.28188 0.288829 0.295877 0.303024 0.310271 0.317616 0.325059 0.332599 0.340236 0.347969 0.355796 0.363716 0.371727 0.379826 0.388011 0.396278 0.404622 0.41304 0.421525 0.430071 0.438671 0.447317 0.455998 0.464706 0.473429 0.482155 0.490871 0.499563 0.508217 0.516818 0.525351 0.5338 
0.03645 0.0380017 0.0394692 0.0408684 0.0422146 0.0435227 0.0448073 0.0460818 0.0473594 0.0486519 0.0499705 0.0513253 0.0527256 0.0541796 0.0556946 0.057277 0.0589325 0.0606659 0.0624813 0.0643822 0.0663714 0.0684514 0.0706242 0.0728914 0.0752542 0.0777136 0.0802706 0.0829256 0.0856793 0.0885319 0.0914837 0.094535 0.0976859 0.100937 0.104287 0.107737 0.111287 0.114938 0.118688 0.122538 0.126488 0.130538 0.134688 0.138938 0.143288 0.147738 0.152288 0.156938 0.161688 0.166538 0.171488 0.176538 0.181688 0.186938 0.192288 0.197738 0.203288 0.208938 0.214688 0.220538 0.226488 0.232538 0.238688 0.244938 0.251287 0.257737 0.264287 0.270937 0.277686 0.284535 0.291484 0.298532 0.305679 0.312926 0.320271 0.327714 0.335254 0.342891 0.350624 0.358451 0.366371 0.374382 0.382481 0.390666 0.398933 0.407277 0.415695 0.42418 0.432726 0.441325 0.44997 0.458652 0.467359 0.476082 0.484807 0.493523 0.502215 0.510868 0.519469 0.528002 0.53645 
0.0392 0.040752 0.0422199 0.0436193 0.0449658 0.0462743 0.0475591 0.0488339 0.0501116 0.0514044 0.0527231 0.0540781 0.0554786 0.0569327 0.0584478 0.0600303 0.0616859 0.0634193 0.0652348 0.0671357 0.069125 0.071205 0.0733778 0.075645 0.0780078 0.0804673 0.0830242 0.0856793 0.0884329 0.0912855 0.0942374 0.0972887 0.10044 0.10369 0.107041 0.110491 0.114041 0.117691 0.121441 0.125291 0.129241 0.133291 0.137441 0.141691 0.146041 0.150491 0.155041 0.159691 0.164441 0.169291 0.174241 0.179291 0.184441 0.189691 0.195041 0.200491 0.206041 0.211691 0.217441 0.223291 0.229241 0.235291 0.241441 0.247691 0.254041 0.260491 0.267041 0.27369 0.28044 0.287289 0.294237 0.301286 0.308433 0.315679 0.323024 0.330467 0.338008 0.345645 0.353378 0.361205 0.369125 0.377136 0.385235 0.393419 0.401686 0.41003 0.418448 0.426933 0.435479 0.444078 0.452723 0.461404 0.470112 0.478834 0.487559 0.496274 0.504966 0.513619 0.52222 0.530752 0.5392 
0.04205 0.0436022 0.0450703 0.04647 0.0478167 0.0491253 0.0504103 0.0516853 0.0529633 0.0542561 0.055575 0.0569302 0.0583307 0.0597849 0.0613001 0.0628827 0.0645383 0.0662718 0.0680873 0.0699882 0.0719775 0.0740576 0.0762304 0.0784976 0.0808604 0.0833199 0.0858768 0.0885319 0.0912855 0.0941381 0.09709 0.100141 0.103292 0.106543 0.109893 0.113344 0.116894 0.120544 0.124294 0.128144 0.132094 0.136144 0.140294 0.144544 0.148894 0.153344 0.157894 0.162544 0.167294 0.172144 0.177094 0.182144 0.187294 0.192544 0.197894 0.203344 0.208894 0.214544 0.220294 0.226144 0.232094 0.238144 0.244294 0.250544 0.256894 0.263344 0.269893 0.276543 0.283292 0.290141 0.29709 0.304138 0.311286 0.318532 0.325877 0.33332 0.34086 0.348498 0.35623 0.364058 0.371977 0.379988 0.388087 0.396272 0.404538 0.412883 0.4213 0.429785 0.438331 0.44693 0.455575 0.464256 0.472963 0.481685 0.49041 0.499125 0.507817 0.51647 0.52507 0.533602 0.54205 
0.045 0.0465524 0.0480206 0.0494205 0.0507673 0.0520761 0.0533612 0.0546364 0.0559144 0.0572074 0.0585264 0.0598816 0.0612822 0.0627364 0.0642517 0.0658343 0.06749 0.0692235 0.071039 0.07294 0.0749293 0.0770094 0.0791822 0.0814494 0.0838122 0.0862717 0.0888287 0.0914837 0.0942374 0.09709 0.100042 0.103093 0.106244 0.109495 0.112845 0.116295 0.119846 0.123496 0.127246 0.131096 0.135046 0.139096 0.143246 0.147496 0.151846 0.156296 0.160846 0.165496 0.170246 0.175096 0.180046 0.185096 0.190246 0.195496 0.200846 0.206296 0.211846 0.217496 0.223246 0.229096 0.235046 0.241096 0.247246 0.253496 0.259846 0.266295 0.272845 0.279495 0.286244 0.293093 0.300042 0.30709 0.314237 0.321484 0.328829 0.336272 0.343812 0.351449 0.359182 0.367009 0.374929 0.38294 0.391039 0.399224 0.40749 0.415834 0.424252 0.432736 0.441282 0.449882 0.458526 0.467207 0.475914 0.484636 0.493361 0.502076 0.510767 0.51942 0.528021 0.536552 0.545 
0.04805 0.0496025 0.0510709 0.0524708 0.0538178 0.0551267 0.0564119 0.0576871 0.0589652 0.0602582 0.0615773 0.0629326 0.0643332 0.0657875 0.0673028 0.0688855 0.0705412 0.0722747 0.0740902 0.0759912 0.0779805 0.0800606 0.0822335 0.0845007 0.0868635 0.089323 0.0918799 0.094535 0.0972887 0.100141 0.103093 0.106144 0.109295 0.112546 0.115896 0.119347 0.122897 0.126547 0.130297 0.134147 0.138097 0.142147 0.146297 0.150547 0.154897 0.159347 0.163897 0.168547 0.173297 0.178147 0.183097 0.188147 0.193297 0.198547 0.203897 0.209347 0.214897 0.220547 0.226297 0.232147 0.238097 0.244147 0.250297 0.256547 0.262897 0.269347 0.275896 0.282546 0.289295 0.296144 0.303093 0.310141 0.317289 0.324535 0.33188 0.339323 0.346863 0.354501 0.362233 0.370061 0.377981 0.385991 0.39409 0.402275 0.410541 0.418885 0.427303 0.435788 0.444333 0.452933 0.461577 0.470258 0.478965 0.487687 0.496412 0.505127 0.513818 0.522471 0.531071 0.539602 0.54805 
0.0512 0.0527526 0.054221 0.055621 0.0569681 0.058277 0.0595623 0.0608376 0.0621158 0.0634089 0.064728 0.0660833 0.067484 0.0689383 0.0704536 0.0720363 0.073692 0.0754256 0.0772411 0.0791421 0.0811314 0.0832115 0.0853844 0.0876516 0.0900144 0.0924739 0.0950308 0.0976859 0.10044 0.103292 0.106244 0.109295 0.112446 0.115697 0.119047 0.122498 0.126048 0.129698 0.133448 0.137298 0.141248 0.145298 0.149448 0.153698 0.158048 0.162498 0.167048 0.171698 0.176448 0.181298 0.186248 0.191298 0.196448 0.201698 0.207048 0.212498 0.218048 0.223698 0.229448 0.235298 0.241248 0.247298 0.253448 0.259698 0.266048 0.272498 0.279047 0.285697 0.292446 0.299295 0.306244 0.313292 0.32044 0.327686 0.335031 0.342474 0.350014 0.357652 0.365384 0.373212 0.381131 0.389142 0.397241 0.405426 0.413692 0.422036 0.430454 0.438938 0.447484 0.456083 0.464728 0.473409 0.482116 0.490838 0.499562 0.508277 0.516968 0.525621 0.534221 0.542753 0.5512 
0.05445 0.0560026 0.0574711 0.0588712 0.0602183 0.0615273 0.0628126 0.0640879 0.0653662 0.0666593 0.0679784 0.0693337 0.0707345 0.0721888 0.0737041 0.0752868 0.0769426 0.0786762 0.0804917 0.0823927 0.084382 0.0864621 0.088635 0.0909022 0.093265 0.0957245 0.0982815 0.100937 0.10369 0.106543 0.109495 0.112546 0.115697 0.118947 0.122298 0.125748 0.129298 0.132948 0.136699 0.140549 0.144499 0.148549 0.152699 0.156949 0.161299 0.165749 0.170299 0.174949 0.179699 0.184549 0.189499 0.194549 0.199699 0.204949 0.210299 0.215749 0.221299 0.226949 0.232699 0.238549 0.244499 0.250549 0.256699 0.262948 0.269298 0.275748 0.282298 0.288947 0.295697 0.302546 0.309495 0.316543 0.32369 0.330937 0.338281 0.345724 0.353265 0.360902 0.368635 0.376462 0.384382 0.392393 0.400492 0.408676 0.416943 0.425287 0.433704 0.442189 0.450734 0.459334 0.467978 0.476659 0.485366 0.494088 0.502813 0.511527 0.520218 0.528871 0.537471 0.546003 0.55445 
0.0578 0.0593527 0.0608212 0.0622213 0.0635684 0.0648775 0.0661628 0.0674382 0.0687164 0.0700096 0.0713287 0.0726841 0.0740848 0.0755392 0.0770545 0.0786372 0.080293 0.0820266 0.0838421 0.0857431 0.0877324 0.0898125 0.0919854 0.0942526 0.0966154 0.0990749 0.101632 0.104287 0.107041 0.109893 0.112845 0.115896 0.119047 0.122298 0.125648 0.129099 0.132649 0.136299 0.140049 0.143899 0.147849 0.151899 0.156049 0.160299 0.164649 0.169099 0.173649 0.178299 0.183049 0.187899 0.192849 0.197899 0.203049 0.208299 0.213649 0.219099 0.224649 0.230299 0.236049 0.241899 0.247849 0.253899 0.260049 0.266299 0.272649 0.279099 0.285648 0.292298 0.299047 0.305896 0.312845 0.319893 0.327041 0.334287 0.341632 0.349075 0.356615 0.364253 0.371985 0.379813 0.387732 0.395743 0.403842 0.412027 0.420293 0.428637 0.437054 0.445539 0.454085 0.462684 0.471329 0.48001 0.488716 0.497438 0.506163 0.514877 0.523568 0.532221 0.540821 0.549353 0.5578 
0.06125 0.0628027 0.0642712 0.0656714 0.0670185 0.0683276 0.069613 0.0708883 0.0721666 0.0734598 0.0747789 0.0761343 0.077535 0.0789894 0.0805047 0.0820875 0.0837432 0.0854768 0.0872924 0.0891934 0.0911827 0.0932628 0.0954357 0.0977029 0.100066 0.102525 0.105082 0.107737 0.110491 0.113344 0.116295 0.119347 0.122498 0.125748 0.129099 0.132549 0.136099 0.139749 0.143499 0.147349 0.151299 0.155349 0.159499 0.163749 0.168099 0.172549 0.177099 0.181749 0.186499 0.191349 0.196299 0.201349 0.206499 0.211749 0.217099 0.222549 0.228099 0.233749 0.239499 0.245349 0.251299 0.257349 0.263499 0.269749 0.276099 0.282549 0.289099 0.295748 0.302498 0.309347 0.316295 0.323344 0.330491 0.337737 0.345082 0.352525 0.360066 0.367703 0.375436 0.383263 0.391183 0.399193 0.407292 0.415477 0.423743 0.432087 0.440505 0.448989 0.457535 0.466134 0.474779 0.48346 0.492167 0.500888 0.509613 0.518328 0.527019 0.535671 0.544271 0.552803 0.56125 
0.0648 0.0663527 0.0678213 0.0692214 0.0705686 0.0718777 0.0731631 0.0744384 0.0757167 0.0770099 0.0783291 0.0796844 0.0810852 0.0825396 0.0840549 0.0856377 0.0872934 0.089027 0.0908426 0.0927435 0.0947329 0.096813 0.0989859 0.101253 0.103616 0.106075 0.108632 0.111287 0.114041 0.116894 0.119846 0.122897 0.126048 0.129298 0.132649 0.136099 0.139649 0.143299 0.147049 0.1509 0.15485 0.1589 0.16305 0.1673 0.17165 0.1761 0.18065 0.1853 0.19005 0.1949 0.19985 0.2049 0.21005 0.2153 0.22065 0.2261 0.23165 0.2373 0.24305 0.2489 0.25485 0.2609 0.267049 0.273299 0.279649 0.286099 0.292649 0.299298 0.306048 0.312897 0.319846 0.326894 0.334041 0.341287 0.348632 0.356075 0.363616 0.371253 0.378986 0.386813 0.394733 0.402744 0.410843 0.419027 0.427293 0.435638 0.444055 0.45254 0.461085 0.469684 0.478329 0.48701 0.495717 0.504438 0.513163 0.521878 0.530569 0.539221 0.547821 0.556353 0.5648 
0.06845 0.0700027 0.0714713 0.0728715 0.0742186 0.0755277 0.0768131 0.0780885 0.0793668 0.08066 0.0819792 0.0833345 0.0847353 0.0861897 0.087705 0.0892878 0.0909435 0.0926771 0.0944927 0.0963937 0.098383 0.100463 0.102636 0.104903 0.107266 0.109726 0.112282 0.114938 0.117691 0.120544 0.123496 0.126547 0.129698 0.132948 0.136299 0.139749 0.143299 0.14695 0.1507 0.15455 0.1585 0.16255 0.1667 0.17095 0.1753 0.17975 0.1843 0.18895 0.1937 0.19855 0.2035 0.20855 0.2137 0.21895 0.2243 0.22975 0.2353 0.24095 0.2467 0.25255 0.2585 0.26455 0.2707 0.27695 0.283299 0.289749 0.296299 0.302948 0.309698 0.316547 0.323496 0.330544 0.337691 0.344938 0.352282 0.359726 0.367266 0.374903 0.382636 0.390463 0.398383 0.406394 0.414493 0.422677 0.430944 0.439288 0.447705 0.45619 0.464735 0.473335 0.481979 0.49066 0.499367 0.508089 0.516813 0.525528 0.534219 0.542871 0.551471 0.560003 0.56845 
0.0722 0.0737527 0.0752213 0.0766215 0.0779686 0.0792777 0.0805632 0.0818386 0.0831168 0.08441 0.0857292 0.0870846 0.0884854 0.0899397 0.0914551 0.0930378 0.0946936 0.0964272 0.0982428 0.100144 0.102133 0.104213 0.106386 0.108653 0.111016 0.113476 0.116033 0.118688 0.121441 0.124294 0.127246 0.130297 0.133448 0.136699 0.140049 0.143499 0.147049 0.1507 0.15445 0.1583 0.16225 0.1663 0.17045 0.1747 0.17905 0.1835 0.18805 0.1927 0.19745 0.2023 0.20725 0.2123 0.21745 0.2227 0.22805 0.2335 0.23905 0.2447 0.25045 0.2563 0.26225 0.2683 0.27445 0.2807 0.287049 0.293499 0.300049 0.306699 0.313448 0.320297 0.327246 0.334294 0.341441 0.348688 0.356033 0.363476 0.371016 0.378653 0.386386 0.394213 0.402133 0.410144 0.418243 0.426427 0.434694 0.443038 0.451455 0.45994 0.468485 0.477085 0.485729 0.49441 0.503117 0.511839 0.520563 0.529278 0.537969 0.546621 0.555221 0.563753 0.5722 
0.07605 0.0776027 0.0790713 0.0804715 0.0818187 0.0831278 0.0844132 0.0856886 0.0869669 0.0882601 0.0895793 0.0909346 0.0923354 0.0937898 0.0953051 0.0968879 0.0985437 0.100277 0.102093 0.103994 0.105983 0.108063 0.110236 0.112503 0.114866 0.117326 0.119883 0.122538 0.125291 0.128144 0.131096 0.134147 0.137298 0.140549 0.143899 0.147349 0.1509 0.15455 0.1583 0.16215 0.1661 0.17015 0.1743 0.17855 0.1829 0.18735 0.1919 0.19655 0.2013 0.20615 0.2111 0.21615 0.2213 0.22655 0.2319 0.23735 0.2429 0.24855 0.2543 0.26015 0.2661 0.27215 0.2783 0.28455 0.2909 0.297349 0.303899 0.310549 0.317298 0.324147 0.331096 0.338144 0.345291 0.352538 0.359883 0.367326 0.374866 0.382503 0.390236 0.398063 0.405983 0.413994 0.422093 0.430277 0.438544 0.446888 0.455305 0.46379 0.472335 0.480935 0.489579 0.49826 0.506967 0.515689 0.524413 0.533128 0.541819 0.550472 0.559071 0.567603 0.57605 
0.08 0.0815527 0.0830213 0.0844215 0.0857687 0.0870778 0.0883632 0.0896386 0.0909169 0.0922101 0.0935293 0.0948847 0.0962854 0.0977398 0.0992552 0.100838 0.102494 0.104227 0.106043 0.107944 0.109933 0.112013 0.114186 0.116453 0.118816 0.121276 0.123833 0.126488 0.129241 0.132094 0.135046 0.138097 0.141248 0.144499 0.147849 0.151299 0.15485 0.1585 0.16225 0.1661 0.17005 0.1741 0.17825 0.1825 0.18685 0.1913 0.19585 0.2005 0.20525 0.2101 0.21505 0.2201 0.22525 0.2305 0.23585 0.2413 0.24685 0.2525 0.25825 0.2641 0.27005 0.2761 0.28225 0.2885 0.29485 0.301299 0.307849 0.314499 0.321248 0.328097 0.335046 0.342094 0.349241 0.356488 0.363833 0.371276 0.378816 0.386453 0.394186 0.402013 0.409933 0.417944 0.426043 0.434227 0.442494 0.450838 0.459255 0.46774 0.476285 0.484885 0.493529 0.50221 0.510917 0.519639 0.528363 0.537078 0.545769 0.554422 0.563021 0.571553 0.58 
0.08405 0.0856027 0.0870713 0.0884715 0.0898187 0.0911278 0.0924132 0.0936886 0.0949669 0.0962601 0.0975793 0.0989347 0.100335 0.10179 0.103305 0.104888 0.106544 0.108277 0.110093 0.111994 0.113983 0.116063 0.118236 0.120503 0.122866 0.125326 0.127883 0.130538 0.133291 0.136144 0.139096 0.142147 0.145298 0.148549 0.151899 0.155349 0.1589 0.16255 0.1663 0.17015 0.1741 0.17815 0.1823 0.18655 0.1909 0.19535 0.1999 0.20455 0.2093 0.21415 0.2191 0.22415 0.2293 0.23455 0.2399 0.24535 0.2509 0.25655 0.2623 0.26815 0.2741 0.28015 0.2863 0.29255 0.2989 0.305349 0.311899 0.318549 0.325298 0.332147 0.339096 0.346144 0.353291 0.360538 0.367883 0.375326 0.382866 0.390503 0.398236 0.406063 0.413983 0.421994 0.430093 0.438277 0.446544 0.454888 0.463305 0.47179 0.480335 0.488935 0.497579 0.50626 0.514967 0.523689 0.532413 0.541128 0.549819 0.558472 0.567071 0.575603 0.58405 
0.0882 0.0897527 0.0912213 0.0926215 0.0939687 0.0952778 0.0965632 0.0978386 0.0991169 0.10041 0.101729 0.103085 0.104485 0.10594 0.107455 0.109038 0.110694 0.112427 0.114243 0.116144 0.118133 0.120213 0.122386 0.124653 0.127016 0.129476 0.132033 0.134688 0.137441 0.140294 0.143246 0.146297 0.149448 0.152699 0.156049 0.159499 0.16305 0.1667 0.17045 0.1743 0.17825 0.1823 0.18645 0.1907 0.19505 0.1995 0.20405 0.2087 0.21345 0.2183 0.22325 0.2283 0.23345 0.2387 0.24405 0.2495 0.25505 0.2607 0.26645 0.2723 0.27825 0.2843 0.29045 0.2967 0.30305 0.309499 0.316049 0.322699 0.329448 0.336297 0.343246 0.350294 0.357441 0.364688 0.372033 0.379476 0.387016 0.394653 0.402386 0.410213 0.418133 0.426144 0.434243 0.442427 0.450694 0.459038 0.467455 0.47594 0.484485 0.493085 0.501729 0.51041 0.519117 0.527839 0.536563 0.545278 0.553969 0.562622 0.571221 0.579753 0.5882 
