101 0.01 400
0 5e-05 0.0002 0.00045 0.0008 0.00125 0.0018 0.00245 0.0032 0.00405 0.005 0.00605 0.0072 0.00845 0.0098 0.01125 0.0128 0.01445 0.0162 0.01805 0.02 0.02205 0.0242 0.02645 0.0288 0.03125 0.0338 0.03645 0.0392 0.04205 0.045 0.04805 0.0512 0.05445 0.0578 0.06125 0.0648 0.06845 0.0722 0.07605 0.08 0.08405 0.0882 0.09245 0.0968 0.10125 0.1058 0.11045 0.1152 0.12005 0.125 0.13005 0.1352 0.14045 0.1458 0.15125 0.1568 0.16245 0.1682 0.17405 0.18 0.18605 0.1922 0.19845 0.2048 0.21125 0.2178 0.22445 0.2312 0.23805 0.245 0.25205 0.2592 0.26645 0.2738 0.28125 0.2888 0.29645 0.3042 0.31205 0.32 0.32805 0.3362 0.34445 0.3528 0.36125 0.3698 0.37845 0.3872 0.39605 0.405 0.41405 0.4232 0.43245 0.4418 0.45125 0.4608 0.47045 0.4802 0.49005 0.5 
5e-05 0.0001 0.00025 0.0005 0.00085 0.0013 0.00185 0.0025 0.00325 0.0041 0.00505 0.0061 0.00725 0.0085 0.00985 0.0113 0.01285 0.0145 0.01625 0.0181 0.02005 0.0221 0.02425 0.0265 0.02885 0.0313 0.03385 0.0365 0.03925 0.0421 0.04505 0.0481 0.05125 0.0545 0.05785 0.0613 0.06485 0.0685 0.07225 0.0761 0.08005 0.0841 0.08825 0.0925 0.09685 0.1013 0.10585 0.1105 0.11525 0.1201 0.12505 0.1301 0.13525 0.1405 0.14585 0.1513 0.15685 0.1625 0.16825 0.1741 0.18005 0.1861 0.19225 0.1985 0.20485 0.2113 0.21785 0.2245 0.23125 0.2381 0.24505 0.2521 0.25925 0.2665 0.27385 0.2813 0.28885 0.2965 0.30425 0.3121 0.32005 0.3281 0.33625 0.3445 0.35285 0.3613 0.36985 0.3785 0.38725 0.3961 0.40505 0.4141 0.42325 0.4325 0.44185 0.4513 0.46085 0.4705 0.48025 0.4901 0.50005 
0.0002 0.00025 0.0004 0.00065 0.001 0.00145 0.002 0.00265 0.0034 0.00425 0.0052 0.00625 0.0074 0.00865 0.01 0.01145 0.013 0.01465 0.0164 0.01825 0.0202 0.02225 0.0244 0.02665 0.029 0.03145 0.034 0.03665 0.0394 0.04225 0.0452 0.04825 0.0514 0.05465 0.058 0.06145 0.065 0.06865 0.0724 0.07625 0.0802 0.08425 0.0884 0.09265 0.097 0.10145 0.106 0.11065 0.1154 0.12025 0.1252 0.13025 0.1354 0.14065 0.146 0.15145 0.157 0.16265 0.1684 0.17425 0.1802 0.18625 0.1924 0.19865 0.205 0.21145 0.218 0.22465 0.2314 0.23825 0.2452 0.25225 0.2594 0.26665 0.274 0.28145 0.289 0.29665 0.3044 0.31225 0.3202 0.32825 0.3364 0.34465 0.353 0.36145 0.37 0.37865 0.3874 0.39625 0.4052 0.41425 0.4234 0.43265 0.442 0.45145 0.461 0.47065 0.4804 0.49025 0.5002 
0.00045 0.0005 0.00065 0.0009 0.00125 0.0017 0.00225 0.0029 0.00365 0.0045 0.00545 0.0065 0.00765 0.0089 0.01025 0.0117 0.01325 0.0149 0.01665 0.0185 0.02045 0.0225 0.02465 0.0269 0.02925 0.0317 0.03425 0.0369 0.03965 0.0425 0.04545 0.0485 0.05165 0.0549 0.05825 0.0617 0.06525 0.0689 0.07265 0.0765 0.08045 0.0845 0.08865 0.0929 0.09725 0.1017 0.10625 0.1109 0.11565 0.1205 0.12545 0.1305 0.13565 0.1409 0.14625 0.1517 0.15725 0.1629 0.16865 0.1745 0.18045 0.1865 0.19265 0.1989 0.20525 0.2117 0.21825 0.2249 0.23165 0.2385 0.24545 0.2525 0.25965 0.2669 0.27425 0.2817 0.28925 0.2969 0.30465 0.3125 0.32045 0.3285 0.33665 0.3449 0.35325 0.3617 0.37025 0.3789 0.38765 0.3965 0.40545 0.4145 0.42365 0.4329 0.44225 0.4517 0.46125 0.4709 0.48065 0.4905 0.50045 
0.0008 0.00085 0.001 0.00125 0.0016 0.00205 0.0026 0.00325 0.004 0.00485 0.0058 0.00685 0.008 0.00925 0.0106 0.01205 0.0136 0.01525 0.017 0.01885 0.0208 0.02285 0.025 0.02725 0.0296 0.03205 0.0346 0.03725 0.04 0.04285 0.0458 0.04885 0.052 0.05525 0.0586 0.06205 0.0656 0.06925 0.073 0.07685 0.0808 0.08485 0.089 0.09325 0.0976 0.10205 0.1066 0.11125 0.116 0.12085 0.1258 0.13085 0.136 0.14125 0.1466 0.15205 0.1576 0.16325 0.169 0.17485 0.1808 0.18685 0.193 0.19925 0.2056 0.21205 0.2186 0.22525 0.232 0.23885 0.2458 0.25285 0.26 0.26725 0.2746 0.28205 0.2896 0.29725 0.305 0.31285 0.3208 0.32885 0.337 0.34525 0.3536 0.36205 0.3706 0.37925 0.388 0.39685 0.4058 0.41485 0.424 0.43325 0.4426 0.45205 0.4616 0.47125 0.481 0.49085 0.5008 
0.00125 0.0013 0.00145 0.0017 0.00205 0.0025 0.00305 0.0037 0.00445 0.0053 0.00625 0.0073 0.00845 0.0097 0.01105 0.0125 0.01405 0.0157 0.01745 0.0193 0.02125 0.0233 0.02545 0.0277 0.03005 0.0325 0.03505 0.0377 0.04045 0.0433 0.04625 0.0493 0.05245 0.0557 0.05905 0.0625 0.06605 0.0697 0.07345 0.0773 0.08125 0.0853 0.08945 0.0937 0.09805 0.1025 0.10705 0.1117 0.11645 0.1213 0.12625 0.1313 0.13645 0.1417 0.14705 0.1525 0.15805 0.1637 0.16945 0.1753 0.18125 0.1873 0.19345 0.1997 0.20605 0.2125 0.21905 0.2257 0.23245 0.2393 0.24625 0.2533 0.26045 0.2677 0.27505 0.2825 0.29005 0.2977 0.30545 0.3133 0.32125 0.3293 0.33745 0.3457 0.35405 0.3625 0.37105 0.3797 0.38845 0.3973 0.40625 0.4153 0.42445 0.4337 0.44305 0.4525 0.46205 0.4717 0.48145 0.4913 0.50125 
0.0018 0.00185 0.002 0.00225 0.0026 0.00305 0.0036 0.00425 0.005 0.00585 0.0068 0.00785 0.009 0.01025 0.0116 0.01305 0.0146 0.01625 0.018 0.01985 0.0218 0.02385 0.026 0.02825 0.0306 0.03305 0.0356 0.03825 0.041 0.04385 0.0468 0.04985 0.053 0.05625 0.0596 0.06305 0.0666 0.07025 0.074 0.07785 0.0818 0.08585 0.09 0.09425 0.0986 0.10305 0.1076 0.11225 0.117 0.12185 0.1268 0.13185 0.137 0.14225 0.1476 0.15305 0.1586 0.16425 0.17 0.17585 0.1818 0.18785 0.194 0.20025 0.2066 0.21305 0.2196 0.22625 0.233 0.23985 0.2468 0.25385 0.261 0.26825 0.2756 0.28305 0.2906 0.29825 0.306 0.31385 0.3218 0.32985 0.338 0.34625 0.3546 0.36305 0.3716 0.38025 0.389 0.39785 0.4068 0.41585 0.425 0.43425 0.4436 0.45305 0.4626 0.47225 0.482 0.49185 0.5018 
0.00245 0.0025 0.00265 0.0029 0.00325 0.0037 0.00425 0.0049 0.00565 0.0065 0.00745 0.0085 0.00965 0.0109 0.01225 0.0137 0.01525 0.0169 0.01865 0.0205 0.02245 0.0245 0.02665 0.0289 0.03125 0.0337 0.03625 0.0389 0.04165 0.0445 0.04745 0.0505 0.05365 0.0569 0.06025 0.0637 0.06725 0.0709 0.07465 0.0785 0.08245 0.0865 0.09065 0.0949 0.09925 0.1037 0.10825 0.1129 0.11765 0.1225 0.12745 0.1325 0.13765 0.1429 0.14825 0.1537 0.15925 0.1649 0.17065 0.1765 0.18245 0.1885 0.19465 0.2009 0.20725 0.2137 0.22025 0.2269 0.23365 0.2405 0.24745 0.2545 0.26165 0.2689 0.27625 0.2837 0.29125 0.2989 0.30665 0.3145 0.32245 0.3305 0.33865 0.3469 0.35525 0.3637 0.37225 0.3809 0.38965 0.3985 0.40745 0.4165 0.42565 0.4349 0.44425 0.4537 0.46325 0.4729 0.48265 0.4925 0.50245 
0.0032 0.00325 0.0034 0.00365 0.004 0.00445 0.005 0.00565 0.0064 0.00725 0.0082 0.00925 0.0104 0.01165 0.013 0.01445 0.016 0.01765 0.0194 0.02125 0.0232 0.02525 0.0274 0.02965 0.032 0.03445 0.037 0.03965 0.0424 0.04525 0.0482 0.05125 0.0544 0.05765 0.061 0.06445 0.068 0.07165 0.0754 0.07925 0.0832 0.08725 0.0914 0.09565 0.1 0.10445 0.109 0.11365 0.1184 0.12325 0.1282 0.13325 0.1384 0.14365 0.149 0.15445 0.16 0.16565 0.1714 0.17725 0.1832 0.18925 0.1954 0.20165 0.208 0.21445 0.221 0.22765 0.2344 0.24125 0.2482 0.25525 0.2624 0.26965 0.277 0.28445 0.292 0.29965 0.3074 0.31525 0.3232 0.33125 0.3394 0.34765 0.356 0.36445 0.373 0.38165 0.3904 0.39925 0.4082 0.41725 0.4264 0.43565 0.445 0.45445 0.464 0.47365 0.4834 0.49325 0.5032 
0.00405 0.0041 0.00425 0.0045 0.00485 0.0053 0.00585 0.0065 0.00725 0.0081 0.00905 0.0101 0.01125 0.0125 0.01385 0.0153 0.01685 0.0185 0.02025 0.0221 0.02405 0.0261 0.02825 0.0305 0.03285 0.0353 0.03785 0.0405 0.04325 0.0461 0.04905 0.0521 0.05525 0.0585 0.06185 0.0653 0.06885 0.0725 0.07625 0.0801 0.08405 0.0881 0.09225 0.0965 0.10085 0.1053 0.10985 0.1145 0.11925 0.1241 0.12905 0.1341 0.13925 0.1445 0.14985 0.1553 0.16085 0.1665 0.17225 0.1781 0.18405 0.1901 0.19625 0.2025 0.20885 0.2153 0.22185 0.2285 0.23525 0.2421 0.24905 0.2561 0.26325 0.2705 0.27785 0.2853 0.29285 0.3005 0.30825 0.3161 0.32405 0.3321 0.34025 0.3485 0.35685 0.3653 0.37385 0.3825 0.39125 0.4001 0.40905 0.4181 0.42725 0.4365 0.44585 0.4553 0.46485 0.4745 0.48425 0.4941 0.50405 
0.005 0.00505 0.0052 0.00545 0.0058 0.00625 0.0068 0.00745 0.0082 0.00905 0.01 0.01105 0.0122 0.01345 0.0148 0.01625 0.0178 0.01945 0.0212 0.02305 0.025 0.02705 0.0292 0.03145 0.0338 0.03625 0.0388 0.04145 0.0442 0.04705 0.05 0.05305 0.0562 0.05945 0.0628 0.06625 0.0698 0.07345 0.0772 0.08105 0.085 0.08905 0.0932 0.09745 0.1018 0.10625 0.1108 0.11545 0.1202 0.12505 0.13 0.13505 0.1402 0.14545 0.1508 0.15625 0.1618 0.16745 0.1732 0.17905 0.185 0.19105 0.1972 0.20345 0.2098 0.21625 0.2228 0.22945 0.2362 0.24305 0.25 0.25705 0.2642 0.27145 0.2788 0.28625 0.2938 0.30145 0.3092 0.31705 0.325 0.33305 0.3412 0.34945 0.3578 0.36625 0.3748 0.38345 0.3922 0.40105 0.41 0.41905 0.4282 0.43745 0.4468 0.45625 0.4658 0.47545 0.4852 0.49505 0.505 
0.00605 0.0061 0.00625 0.0065 0.00685 0.0073 0.00785 0.0085 0.00925 0.0101 0.01105 0.0121 0.01325 0.0145 0.01585 0.0173 0.01885 0.0205 0.02225 0.0241 0.02605 0.0281 0.03025 0.0325 0.03485 0.0373 0.03985 0.0425 0.04525 0.0481 0.05105 0.0541 0.05725 0.0605 0.06385 0.0673 0.07085 0.0745 0.07825 0.0821 0.08605 0.0901 0.09425 0.0985 0.10285 0.1073 0.11185 0.1165 0.12125 0.1261 0.13105 0.1361 0.14125 0.1465 0.15185 0.1573 0.16285 0.1685 0.17425 0.1801 0.18605 0.1921 0.19825 0.2045 0.21085 0.2173 0.22385 0.2305 0.23725 0.2441 0.25105 0.2581 0.26525 0.2725 0.27985 0.2873 0.29485 0.3025 0.31025 0.3181 0.32605 0.3341 0.34225 0.3505 0.35885 0.3673 0.37585 0.3845 0.39325 0.4021 0.41105 0.4201 0.42925 0.4385 0.44785 0.4573 0.46685 0.4765 0.48625 0.4961 0.50605 
0.0072 0.00725 0.0074 0.00765 0.008 0.00845 0.009 0.00965 0.0104 0.01125 0.0122 0.01325 0.0144 0.01565 0.017 0.01845 0.02 0.02165 0.0234 0.02525 0.0272 0.02925 0.0314 0.03365 0.036 0.03845 0.041 0.04365 0.0464 0.04925 0.0522 0.05525 0.0584 0.06165 0.065 0.06845 0.072 0.07565 0.0794 0.08325 0.0872 0.09125 0.0954 0.09965 0.104 0.10845 0.113 0.11765 0.1224 0.12725 0.1322 0.13725 0.1424 0.14765 0.153 0.15845 0.164 0.16965 0.1754 0.18125 0.1872 0.19325 0.1994 0.20565 0.212 0.21845 0.225 0.23165 0.2384 0.24525 0.2522 0.25925 0.2664 0.27365 0.281 0.28845 0.296 0.30365 0.3114 0.31925 0.3272 0.33525 0.3434 0.35165 0.36 0.36845 0.377 0.38565 0.3944 0.40325 0.4122 0.42125 0.4304 0.43965 0.449 0.45845 0.468 0.47765 0.4874 0.49725 0.5072 
0.00845 0.0085 0.00865 0.0089 0.00925 0.0097 0.01025 0.0109 0.01165 0.0125 0.01345 0.0145 0.01565 0.0169 0.01825 0.0197 0.02125 0.0229 0.02465 0.0265 0.02845 0.0305 0.03265 0.0349 0.03725 0.0397 0.04225 0.0449 0.04765 0.0505 0.05345 0.0565 0.05965 0.0629 0.06625 0.0697 0.07325 0.0769 0.08065 0.0845 0.08845 0.0925 0.09665 0.1009 0.10525 0.1097 0.11425 0.1189 0.12365 0.1285 0.13345 0.1385 0.14365 0.1489 0.15425 0.1597 0.16525 0.1709 0.17665 0.1825 0.18845 0.1945 0.20065 0.2069 0.21325 0.2197 0.22625 0.2329 0.23965 0.2465 0.25345 0.2605 0.26765 0.2749 0.28225 0.2897 0.29725 0.3049 0.31265 0.3205 0.32845 0.3365 0.34465 0.3529 0.36125 0.3697 0.37825 0.3869 0.39565 0.4045 0.41345 0.4225 0.43165 0.4409 0.45025 0.4597 0.46925 0.4789 0.48865 0.4985 0.50845 
0.0098 0.00985 0.01 0.01025 0.0106 0.01105 0.0116 0.01225 0.013 0.01385 0.0148 0.01585 0.017 0.01825 0.0196 0.02105 0.0226 0.02425 0.026 0.02785 0.0298 0.03185 0.034 0.03625 0.0386 0.04105 0.0436 0.04625 0.049 0.05185 0.0548 0.05785 0.061 0.06425 0.0676 0.07105 0.0746 0.07825 0.082 0.08585 0.0898 0.09385 0.098 0.10225 0.1066 0.11105 0.1156 0.12025 0.125 0.12985 0.1348 0.13985 0.145 0.15025 0.1556 0.16105 0.1666 0.17225 0.178 0.18385 0.1898 0.19585 0.202 0.20825 0.2146 0.22105 0.2276 0.23425 0.241 0.24785 0.2548 0.26185 0.269 0.27625 0.2836 0.29105 0.2986 0.30625 0.314 0.32185 0.3298 0.33785 0.346 0.35425 0.3626 0.37105 0.3796 0.38825 0.397 0.40585 0.4148 0.42385 0.433 0.44225 0.4516 0.46105 0.4706 0.48025 0.49 0.49985 0.5098 
0.01125 0.0113 0.01145 0.0117 0.01205 0.0125 0.01305 0.0137 0.01445 0.0153 0.01625 0.0173 0.01845 0.0197 0.02105 0.0225 0.02405 0.0257 0.02745 0.0293 0.03125 0.0333 0.03545 0.0377 0.04005 0.0425 0.04505 0.0477 0.05045 0.0533 0.05625 0.0593 0.06245 0.0657 0.06905 0.0725 0.07605 0.0797 0.08345 0.0873 0.09125 0.0953 0.09945 0.1037 0.10805 0.1125 0.11705 0.1217 0.12645 0.1313 0.13625 0.1413 0.14645 0.1517 0.15705 0.1625 0.16805 0.1737 0.17945 0.1853 0.19125 0.1973 0.20345 0.2097 0.21605 0.2225 0.22905 0.2357 0.24245 0.2493 0.25625 0.2633 0.27045 0.2777 0.28505 0.2925 0.30005 0.3077 0.31545 0.3233 0.33125 0.3393 0.34745 0.3557 0.36405 0.3725 0.38105 0.3897 0.39845 0.4073 0.41625 0.4253 0.43445 0.4437 0.45305 0.4625 0.47205 0.4817 0.49145 0.5013 0.51125 
0.0128 0.01285 0.013 0.01325 0.0136 0.01405 0.0146 0.01525 0.016 0.01685 0.0178 0.01885 0.02 0.02125 0.0226 0.02405 0.0256 0.02725 0.029 0.03085 0.0328 0.03485 0.037 0.03925 0.0416 0.04405 0.0466 0.04925 0.052 0.05485 0.0578 0.06085 0.064 0.06725 0.0706 0.07405 0.0776 0.08125 0.085 0.08885 0.0928 0.09685 0.101 0.10525 0.1096 0.11405 0.1186 0.12325 0.128 0.13285 0.1378 0.14285 0.148 0.15325 0.1586 0.16405 0.1696 0.17525 0.181 0.18685 0.1928 0.19885 0.205 0.21125 0.2176 0.22405 0.2306 0.23725 0.244 0.25085 0.2578 0.26485 0.272 0.27925 0.2866 0.29405 0.3016 0.30925 0.317 0.32485 0.3328 0.34085 0.349 0.35725 0.3656 0.37405 0.3826 0.39125 0.4 0.40885 0.4178 0.42685 0.436 0.44525 0.4546 0.46405 0.4736 0.48325 0.493 0.50285 0.5128 
0.01445 0.0145 0.01465 0.0149 0.01525 0.0157 0.01625 0.0169 0.01765 0.0185 0.01945 0.0205 0.02165 0.0229 0.02425 0.0257 0.02725 0.0289 0.03065 0.0325 0.03445 0.0365 0.03865 0.0409 0.04325 0.0457 0.04825 0.0509 0.05365 0.0565 0.05945 0.0625 0.06565 0.0689 0.07225 0.0757 0.07925 0.0829 0.08665 0.0905 0.09445 0.0985 0.10265 0.1069 0.11125 0.1157 0.12025 0.1249 0.12965 0.1345 0.13945 0.1445 0.14965 0.1549 0.16025 0.1657 0.17125 0.1769 0.18265 0.1885 0.19445 0.2005 0.20665 0.2129 0.21925 0.2257 0.23225 0.2389 0.24565 0.2525 0.25945 0.2665 0.27365 0.2809 0.28825 0.2957 0.30325 0.3109 0.31865 0.3265 0.33445 0.3425 0.35065 0.3589 0.36725 0.3757 0.38425 0.3929 0.40165 0.4105 0.41945 0.4285 0.43765 0.4469 0.45625 0.4657 0.47525 0.4849 0.49465 0.5045 0.51445 
0.0162 0.01625 0.0164 0.01665 0.017 0.01745 0.018 0.01865 0.0194 0.02025 0.0212 0.02225 0.0234 0.02465 0.026 0.02745 0.029 0.03065 0.0324 0.03425 0.0362 0.03825 0.0404 0.04265 0.045 0.04745 0.05 0.05265 0.0554 0.05825 0.0612 0.06425 0.0674 0.07065 0.074 0.07745 0.081 0.08465 0.0884 0.09225 0.0962 0.10025 0.1044 0.10865 0.113 0.11745 0.122 0.12665 0.1314 0.13625 0.1412 0.14625 0.1514 0.15665 0.162 0.16745 0.173 0.17865 0.1844 0.19025 0.1962 0.20225 0.2084 0.21465 0.221 0.22745 0.234 0.24065 0.2474 0.25425 0.2612 0.26825 0.2754 0.28265 0.29 0.29745 0.305 0.31265 0.3204 0.32825 0.3362 0.34425 0.3524 0.36065 0.369 0.37745 0.386 0.39465 0.4034 0.41225 0.4212 0.43025 0.4394 0.44865 0.458 0.46745 0.477 0.48665 0.4964 0.50625 0.5162 
0.01805 0.0181 0.01825 0.0185 0.01885 0.0193 0.01985 0.0205 0.02125 0.0221 0.02305 0.0241 0.02525 0.0265 0.02785 0.0293 0.03085 0.0325 0.03425 0.0361 0.03805 0.0401 0.04225 0.0445 0.04685 0.0493 0.05185 0.0545 0.05725 0.0601 0.06305 0.0661 0.06925 0.0725 0.07585 0.0793 0.08285 0.0865 0.09025 0.0941 0.09805 0.1021 0.10625 0.1105 0.11485 0.1193 0.12385 0.1285 0.13325 0.1381 0.14305 0.1481 0.15325 0.1585 0.16385 0.1693 0.17485 0.1805 0.18625 0.1921 0.19805 0.2041 0.21025 0.2165 0.22285 0.2293 0.23585 0.2425 0.24925 0.2561 0.26305 0.2701 0.27725 0.2845 0.29185 0.2993 0.30685 0.3145 0.32225 0.3301 0.33805 0.3461 0.35425 0.3625 0.37085 0.3793 0.38785 0.3965 0.40525 0.4141 0.42305 0.4321 0.44125 0.4505 0.45985 0.4693 0.47885 0.4885 0.49825 0.5081 0.51805 
0.02 0.02005 0.0202 0.02045 0.0208 0.02125 0.0218 0.02245 0.0232 0.02405 0.025 0.02605 0.0272 0.02845 0.0298 0.03125 0.0328 0.03445 0.0362 0.03805 0.04 0.04205 0.0442 0.04645 0.0488 0.05125 0.0538 0.05645 0.0592 0.06205 0.065 0.06805 0.0712 0.07445 0.0778 0.08125 0.0848 0.08845 0.0922 0.09605 0.1 0.10405 0.1082 0.11245 0.1168 0.12125 0.1258 0.13045 0.1352 0.14005 0.145 0.15005 0.1552 0.16045 0.1658 0.17125 0.1768 0.18245 0.1882 0.19405 0.2 0.20605 0.2122 0.21845 0.2248 0.23125 0.2378 0.24445 0.2512 0.25805 0.265 0.27205 0.2792 0.28645 0.2938 0.30125 0.3088 0.31645 0.3242 0.33205 0.34 0.34805 0.3562 0.36445 0.3728 0.38125 0.3898 0.39845 0.4072 0.41605 0.425 0.43405 0.4432 0.45245 0.4618 0.47125 0.4808 0.49045 0.5002 0.51005 0.52 
0.02205 0.0221 0.02225 0.0225 0.02285 0.0233 0.02385 0.0245 0.02525 0.0261 0.02705 0.0281 0.02925 0.0305 0.03185 0.0333 0.03485 0.0365 0.03825 0.0401 0.04205 0.0441 0.04625 0.0485 0.05085 0.0533 0.05585 0.0585 0.06125 0.0641 0.06705 0.0701 0.07325 0.0765 0.07985 0.0833 0.08685 0.0905 0.09425 0.0981 0.10205 0.1061 0.11025 0.1145 0.11885 0.1233 0.12785 0.1325 0.13725 0.1421 0.14705 0.1521 0.15725 0.1625 0.16785 0.1733 0.17885 0.1845 0.19025 0.1961 0.20205 0.2081 0.21425 0.2205 0.22685 0.2333 0.23985 0.2465 0.25325 0.2601 0.26705 0.2741 0.28125 0.2885 0.29585 0.3033 0.31085 0.3185 0.32625 0.3341 0.34205 0.3501 0.35825 0.3665 0.37485 0.3833 0.39185 0.4005 0.40925 0.4181 0.42705 0.4361 0.44525 0.4545 0.46385 0.4733 0.48285 0.4925 0.50225 0.5121 0.52205 
0.0242 0.02425 0.0244 0.02465 0.025 0.02545 0.026 0.02665 0.0274 0.02825 0.0292 0.03025 0.0314 0.03265 0.034 0.03545 0.037 0.03865 0.0404 0.04225 0.0442 0.04625 0.0484 0.05065 0.053 0.05545 0.058 0.06065 0.0634 0.06625 0.0692 0.07225 0.0754 0.07865 0.082 0.08545 0.089 0.09265 0.0964 0.10025 0.1042 0.10825 0.1124 0.11665 0.121 0.12545 0.13 0.13465 0.1394 0.14425 0.1492 0.15425 0.1594 0.16465 0.17 0.17545 0.181 0.18665 0.1924 0.19825 0.2042 0.21025 0.2164 0.22265 0.229 0.23545 0.242 0.24865 0.2554 0.26225 0.2692 0.27625 0.2834 0.29065 0.298 0.30545 0.313 0.32065 0.3284 0.33625 0.3442 0.35225 0.3604 0.36865 0.377 0.38545 0.394 0.40265 0.4114 0.42025 0.4292 0.43825 0.4474 0.45665 0.466 0.47545 0.485 0.49465 0.5044 0.51425 0.5242 
0.02645 0.0265 0.02665 0.0269 0.02725 0.0277 0.02825 0.0289 0.02965 0.0305 0.03145 0.0325 0.03365 0.0349 0.03625 0.0377 0.03925 0.0409 0.04265 0.0445 0.04645 0.0485 0.05065 0.0529 0.05525 0.0577 0.06025 0.0629 0.06565 0.0685 0.07145 0.0745 0.07765 0.0809 0.08425 0.0877 0.09125 0.0949 0.09865 0.1025 0.10645 0.1105 0.11465 0.1189 0.12325 0.1277 0.13225 0.1369 0.14165 0.1465 0.15145 0.1565 0.16165 0.1669 0.17225 0.1777 0.18325 0.1889 0.19465 0.2005 0.20645 0.2125 0.21865 0.2249 0.23125 0.2377 0.24425 0.2509 0.25765 0.2645 0.27145 0.2785 0.28565 0.2929 0.30025 0.3077 0.31525 0.3229 0.33065 0.3385 0.34645 0.3545 0.36265 0.3709 0.37925 0.3877 0.39625 0.4049 0.41365 0.4225 0.43145 0.4405 0.44965 0.4589 0.46825 0.4777 0.48725 0.4969 0.50665 0.5165 0.52645 
0.0288 0.02885 0.029 0.02925 0.0296 0.03005 0.0306 0.03125 0.032 0.03285 0.0338 0.03485 0.036 0.03725 0.0386 0.04005 0.0416 0.04325 0.045 0.04685 0.0488 0.05085 0.053 0.05525 0.0576 0.06005 0.0626 0.06525 0.068 0.07085 0.0738 0.07685 0.08 0.08325 0.0866 0.09005 0.0936 0.09725 0.101 0.10485 0.1088 0.11285 0.117 0.12125 0.1256 0.13005 0.1346 0.13925 0.144 0.14885 0.1538 0.15885 0.164 0.16925 0.1746 0.18005 0.1856 0.19125 0.197 0.20285 0.2088 0.21485 0.221 0.22725 0.2336 0.24005 0.2466 0.25325 0.26 0.26685 0.2738 0.28085 0.288 0.29525 0.3026 0.31005 0.3176 0.32525 0.333 0.34085 0.3488 0.35685 0.365 0.37325 0.3816 0.39005 0.3986 0.40725 0.416 0.42485 0.4338 0.44285 0.452 0.46125 0.4706 0.48005 0.4896 0.49925 0.509 0.51885 0.5288 
0.03125 0.0313 0.03145 0.0317 0.03205 0.0325 0.03305 0.0337 0.03445 0.0353 0.03625 0.0373 0.03845 0.0397 0.04105 0.0425 0.04405 0.0457 0.04745 0.0493 0.05125 0.0533 0.05545 0.0577 0.06005 0.0625 0.06505 0.0677 0.07045 0.0733 0.07625 0.0793 0.08245 0.0857 0.08905 0.0925 0.09605 0.0997 0.10345 0.1073 0.11125 0.1153 0.11945 0.1237 0.12805 0.1325 0.13705 0.1417 0.14645 0.1513 0.15625 0.1613 0.16645 0.1717 0.17705 0.1825 0.18805 0.1937 0.19945 0.2053 0.21125 0.2173 0.22345 0.2297 0.23605 0.2425 0.24905 0.2557 0.26245 0.2693 0.27625 0.2833 0.29045 0.2977 0.30505 0.3125 0.32005 0.3277 0.33545 0.3433 0.35125 0.3593 0.36745 0.3757 0.38405 0.3925 0.40105 0.4097 0.41845 0.4273 0.43625 0.4453 0.45445 0.4637 0.47305 0.4825 0.49205 0.5017 0.51145 0.5213 0.53125 
0.0338 0.03385 0.034 0.03425 0.0346 0.03505 0.0356 0.03625 0.037 0.03785 0.0388 0.03985 0.041 0.04225 0.0436 0.04505 0.0466 0.04825 0.05 0.05185 0.0538 0.05585 0.058 0.06025 0.0626 0.06505 0.0676 0.07025 0.073 0.07585 0.0788 0.08185 0.085 0.08825 0.0916 0.09505 0.0986 0.10225 0.106 0.10985 0.1138 0.11785 0.122 0.12625 0.1306 0.13505 0.1396 0.14425 0.149 0.15385 0.1588 0.16385 0.169 0.17425 0.1796 0.18505 0.1906 0.19625 0.202 0.20785 0.2138 0.21985 0.226 0.23225 0.2386 0.24505 0.2516 0.25825 0.265 0.27185 0.2788 0.28585 0.293 0.30025 0.3076 0.31505 0.3226 0.33025 0.338 0.34585 0.3538 0.36185 0.37 0.37825 0.3866 0.39505 0.4036 0.41225 0.421 0.42985 0.4388 0.44785 0.457 0.46625 0.4756 0.48505 0.4946 0.50425 0.514 0.52385 0.5338 
0.03645 0.0365 0.03665 0.0369 0.03725 0.0377 0.03825 0.0389 0.03965 0.0405 0.04145 0.0425 0.04365 0.0449 0.04625 0.0477 0.04925 0.0509 0.05265 0.0545 0.05645 0.0585 0.06065 0.0629 0.06525 0.0677 0.07025 0.0729 0.07565 0.0785 0.08145 0.0845 0.08765 0.0909 0.09425 0.0977 0.10125 0.1049 0.10865 0.1125 0.11645 0.1205 0.12465 0.1289 0.13325 0.1377 0.14225 0.1469 0.15165 0.1565 0.16145 0.1665 0.17165 0.1769 0.18225 0.1877 0.19325 0.1989 0.20465 0.2105 0.21645 0.2225 0.22865 0.2349 0.24125 0.2477 0.25425 0.2609 0.26765 0.2745 0.28145 0.2885 0.29565 0.3029 0.31025 0.3177 0.32525 0.3329 0.34065 0.3485 0.35645 0.3645 0.37265 0.3809 0.38925 0.3977 0.40625 0.4149 0.42365 0.4325 0.44145 0.4505 0.45965 0.4689 0.47825 0.4877 0.49725 0.5069 0.51665 0.5265 0.53645 
0.0392 0.03925 0.0394 0.03965 0.04 0.04045 0.041 0.04165 0.0424 0.04325 0.0442 0.04525 0.0464 0.04765 0.049 0.05045 0.052 0.05365 0.0554 0.05725 0.0592 0.06125 0.0634 0.06565 0.068 0.07045 0.073 0.07565 0.0784 0.08125 0.0842 0.08725 0.0904 0.09365 0.097 0.10045 0.104 0.10765 0.1114 0.11525 0.1192 0.12325 0.1274 0.13165 0.136 0.14045 0.145 0.14965 0.1544 0.15925 0.1642 0.16925 0.1744 0.17965 0.185 0.19045 0.196 0.20165 0.2074 0.21325 0.2192 0.22525 0.2314 0.23765 0.244 0.25045 0.257 0.26365 0.2704 0.27725 0.2842 0.29125 0.2984 0.30565 0.313 0.32045 0.328 0.33565 0.3434 0.35125 0.3592 0.36725 0.3754 0.38365 0.392 0.40045 0.409 0.41765 0.4264 0.43525 0.4442 0.45325 0.4624 0.47165 0.481 0.49045 0.5 0.50965 0.5194 0.52925 0.5392 
0.04205 0.0421 0.04225 0.0425 0.04285 0.0433 0.04385 0.0445 0.04525 0.0461 0.04705 0.0481 0.04925 0.0505 0.05185 0.0533 0.05485 0.0565 0.05825 0.0601 0.06205 0.0641 0.06625 0.0685 0.07085 0.0733 0.07585 0.0785 0.08125 0.0841 0.08705 0.0901 0.09325 0.0965 0.09985 0.1033 0.10685 0.1105 0.11425 0.1181 0.12205 0.1261 0.13025 0.1345 0.13885 0.1433 0.14785 0.1525 0.15725 0.1621 0.16705 0.1721 0.17725 0.1825 0.18785 0.1933 0.19885 0.2045 0.21025 0.2161 0.22205 0.2281 0.23425 0.2405 0.24685 0.2533 0.25985 0.2665 0.27325 0.2801 0.28705 0.2941 0.30125 0.3085 0.31585 0.3233 0.33085 0.3385 0.34625 0.3541 0.36205 0.3701 0.37825 0.3865 0.39485 0.4033 0.41185 0.4205 0.42925 0.4381 0.44705 0.4561 0.46525 0.4745 0.48385 0.4933 0.50285 0.5125 0.52225 0.5321 0.54205 
0.045 0.04505 0.0452 0.04545 0.0458 0.04625 0.0468 0.04745 0.0482 0.04905 0.05 0.05105 0.0522 0.05345 0.0548 0.05625 0.0578 0.05945 0.0612 0.06305 0.065 0.06705 0.0692 0.07145 0.0738 0.07625 0.0788 0.08145 0.0842 0.08705 0.09 0.09305 0.0962 0.09945 0.1028 0.10625 0.1098 0.11345 0.1172 0.12105 0.125 0.12905 0.1332 0.13745 0.1418 0.14625 0.1508 0.15545 0.1602 0.16505 0.17 0.17505 0.1802 0.18545 0.1908 0.19625 0.2018 0.20745 0.2132 0.21905 0.225 0.23105 0.2372 0.24345 0.2498 0.25625 0.2628 0.26945 0.2762 0.28305 0.29 0.29705 0.3042 0.31145 0.3188 0.32625 0.3338 0.34145 0.3492 0.35705 0.365 0.37305 0.3812 0.38945 0.3978 0.40625 0.4148 0.42345 0.4322 0.44105 0.45 0.45905 0.4682 0.47745 0.4868 0.49625 0.5058 0.51545 0.5252 0.53505 0.545 
0.04805 0.0481 0.04825 0.0485 0.04885 0.0493 0.04985 0.0505 0.05125 0.0521 0.05305 0.0541 0.05525 0.0565 0.05785 0.0593 0.06085 0.0625 0.06425 0.0661 0.06805 0.0701 0.07225 0.0745 0.07685 0.0793 0.08185 0.0845 0.08725 0.0901 0.09305 0.0961 0.09925 0.1025 0.10585 0.1093 0.11285 0.1165 0.12025 0.1241 0.12805 0.1321 0.13625 0.1405 0.14485 0.1493 0.15385 0.1585 0.16325 0.1681 0.17305 0.1781 0.18325 0.1885 0.19385 0.1993 0.20485 0.2105 0.21625 0.2221 0.22805 0.2341 0.24025 0.2465 0.25285 0.2593 0.26585 0.2725 0.27925 0.2861 0.29305 0.3001 0.30725 0.3145 0.32185 0.3293 0.33685 0.3445 0.35225 0.3601 0.36805 0.3761 0.38425 0.3925 0.40085 0.4093 0.41785 0.4265 0.43525 0.4441 0.45305 0.4621 0.47125 0.4805 0.48985 0.4993 0.50885 0.5185 0.52825 0.5381 0.54805 
0.0512 0.05125 0.0514 0.05165 0.052 0.05245 0.053 0.05365 0.0544 0.05525 0.0562 0.05725 0.0584 0.05965 0.061 0.06245 0.064 0.06565 0.0674 0.06925 0.0712 0.07325 0.0754 0.07765 0.08 0.08245 0.085 0.08765 0.0904 0.09325 0.0962 0.09925 0.1024 0.10565 0.109 0.11245 0.116 0.11965 0.1234 0.12725 0.1312 0.13525 0.1394 0.14365 0.148 0.15245 0.157 0.16165 0.1664 0.17125 0.1762 0.18125 0.1864 0.19165 0.197 0.20245 0.208 0.21365 0.2194 0.22525 0.2312 0.23725 0.2434 0.24965 0.256 0.26245 0.269 0.27565 0.2824 0.28925 0.2962 0.30325 0.3104 0.31765 0.325 0.33245 0.34 0.34765 0.3554 0.36325 0.3712 0.37925 0.3874 0.39565 0.404 0.41245 0.421 0.42965 0.4384 0.44725 0.4562 0.46525 0.4744 0.48365 0.493 0.50245 0.512 0.52165 0.5314 0.54125 0.5512 
0.05445 0.0545 0.05465 0.0549 0.05525 0.0557 0.05625 0.0569 0.05765 0.0585 0.05945 0.0605 0.06165 0.0629 0.06425 0.0657 0.06725 0.0689 0.07065 0.0725 0.07445 0.0765 0.07865 0.0809 0.08325 0.0857 0.08825 0.0909 0.09365 0.0965 0.09945 0.1025 0.10565 0.1089 0.11225 0.1157 0.11925 0.1229 0.12665 0.1305 0.13445 0.1385 0.14265 0.1469 0.15125 0.1557 0.16025 0.1649 0.16965 0.1745 0.17945 0.1845 0.18965 0.1949 0.20025 0.2057 0.21125 0.2169 0.22265 0.2285 0.23445 0.2405 0.24665 0.2529 0.25925 0.2657 0.27225 0.2789 0.28565 0.2925 0.29945 0.3065 0.31365 0.3209 0.32825 0.3357 0.34325 0.3509 0.35865 0.3665 0.37445 0.3825 0.39065 0.3989 0.40725 0.4157 0.42425 0.4329 0.44165 0.4505 0.45945 0.4685 0.47765 0.4869 0.49625 0.5057 0.51525 0.5249 0.53465 0.5445 0.55445 
0.0578 0.05785 0.058 0.05825 0.0586 0.05905 0.0596 0.06025 0.061 0.06185 0.0628 0.06385 0.065 0.06625 0.0676 0.06905 0.0706 0.07225 0.074 0.07585 0.0778 0.07985 0.082 0.08425 0.0866 0.08905 0.0916 0.09425 0.097 0.09985 0.1028 0.10585 0.109 0.11225 0.1156 0.11905 0.1226 0.12625 0.13 0.13385 0.1378 0.14185 0.146 0.15025 0.1546 0.15905 0.1636 0.16825 0.173 0.17785 0.1828 0.18785 0.193 0.19825 0.2036 0.20905 0.2146 0.22025 0.226 0.23185 0.2378 0.24385 0.25 0.25625 0.2626 0.26905 0.2756 0.28225 0.289 0.29585 0.3028 0.30985 0.317 0.32425 0.3316 0.33905 0.3466 0.35425 0.362 0.36985 0.3778 0.38585 0.394 0.40225 0.4106 0.41905 0.4276 0.43625 0.445 0.45385 0.4628 0.47185 0.481 0.49025 0.4996 0.50905 0.5186 0.52825 0.538 0.54785 0.5578 
0.06125 0.0613 0.06145 0.0617 0.06205 0.0625 0.06305 0.0637 0.06445 0.0653 0.06625 0.0673 0.06845 0.0697 0.07105 0.0725 0.07405 0.0757 0.07745 0.0793 0.08125 0.0833 0.08545 0.0877 0.09005 0.0925 0.09505 0.0977 0.10045 0.1033 0.10625 0.1093 0.11245 0.1157 0.11905 0.1225 0.12605 0.1297 0.13345 0.1373 0.14125 0.1453 0.14945 0.1537 0.15805 0.1625 0.16705 0.1717 0.17645 0.1813 0.18625 0.1913 0.19645 0.2017 0.20705 0.2125 0.21805 0.2237 0.22945 0.2353 0.24125 0.2473 0.25345 0.2597 0.26605 0.2725 0.27905 0.2857 0.29245 0.2993 0.30625 0.3133 0.32045 0.3277 0.33505 0.3425 0.35005 0.3577 0.36545 0.3733 0.38125 0.3893 0.39745 0.4057 0.41405 0.4225 0.43105 0.4397 0.44845 0.4573 0.46625 0.4753 0.48445 0.4937 0.50305 0.5125 0.52205 0.5317 0.54145 0.5513 0.56125 
0.0648 0.06485 0.065 0.06525 0.0656 0.06605 0.0666 0.06725 0.068 0.06885 0.0698 0.07085 0.072 0.07325 0.0746 0.07605 0.0776 0.07925 0.081 0.08285 0.0848 0.08685 0.089 0.09125 0.0936 0.09605 0.0986 0.10125 0.104 0.10685 0.1098 0.11285 0.116 0.11925 0.1226 0.12605 0.1296 0.13325 0.137 0.14085 0.1448 0.14885 0.153 0.15725 0.1616 0.16605 0.1706 0.17525 0.18 0.18485 0.1898 0.19485 0.2 0.20525 0.2106 0.21605 0.2216 0.22725 0.233 0.23885 0.2448 0.25085 0.257 0.26325 0.2696 0.27605 0.2826 0.28925 0.296 0.30285 0.3098 0.31685 0.324 0.33125 0.3386 0.34605 0.3536 0.36125 0.369 0.37685 0.3848 0.39285 0.401 0.40925 0.4176 0.42605 0.4346 0.44325 0.452 0.46085 0.4698 0.47885 0.488 0.49725 0.5066 0.51605 0.5256 0.53525 0.545 0.55485 0.5648 
0.06845 0.0685 0.06865 0.0689 0.06925 0.0697 0.07025 0.0709 0.07165 0.0725 0.07345 0.0745 0.07565 0.0769 0.07825 0.0797 0.08125 0.0829 0.08465 0.0865 0.08845 0.0905 0.09265 0.0949 0.09725 0.0997 0.10225 0.1049 0.10765 0.1105 0.11345 0.1165 0.11965 0.1229 0.12625 0.1297 0.13325 0.1369 0.14065 0.1445 0.14845 0.1525 0.15665 0.1609 0.16525 0.1697 0.17425 0.1789 0.18365 0.1885 0.19345 0.1985 0.20365 0.2089 0.21425 0.2197 0.22525 0.2309 0.23665 0.2425 0.24845 0.2545 0.26065 0.2669 0.27325 0.2797 0.28625 0.2929 0.29965 0.3065 0.31345 0.3205 0.32765 0.3349 0.34225 0.3497 0.35725 0.3649 0.37265 0.3805 0.38845 0.3965 0.40465 0.4129 0.42125 0.4297 0.43825 0.4469 0.45565 0.4645 0.47345 0.4825 0.49165 0.5009 0.51025 0.5197 0.52925 0.5389 0.54865 0.5585 0.56845 
0.0722 0.07225 0.0724 0.07265 0.073 0.07345 0.074 0.07465 0.0754 0.07625 0.0772 0.07825 0.0794 0.08065 0.082 0.08345 0.085 0.08665 0.0884 0.09025 0.0922 0.09425 0.0964 0.09865 0.101 0.10345 0.106 0.10865 0.1114 0.11425 0.1172 0.12025 0.1234 0.12665 0.13 0.13345 0.137 0.14065 0.1444 0.14825 0.1522 0.15625 0.1604 0.16465 0.169 0.17345 0.178 0.18265 0.1874 0.19225 0.1972 0.20225 0.2074 0.21265 0.218 0.22345 0.229 0.23465 0.2404 0.24625 0.2522 0.25825 0.2644 0.27065 0.277 0.28345 0.29 0.29665 0.3034 0.31025 0.3172 0.32425 0.3314 0.33865 0.346 0.35345 0.361 0.36865 0.3764 0.38425 0.3922 0.40025 0.4084 0.41665 0.425 0.43345 0.442 0.45065 0.4594 0.46825 0.4772 0.48625 0.4954 0.50465 0.514 0.52345 0.533 0.54265 0.5524 0.56225 0.5722 
0.07605 0.0761 0.07625 0.0765 0.07685 0.0773 0.07785 0.0785 0.07925 0.0801 0.08105 0.0821 0.08325 0.0845 0.08585 0.0873 0.08885 0.0905 0.09225 0.0941 0.09605 0.0981 0.10025 0.1025 0.10485 0.1073 0.10985 0.1125 0.11525 0.1181 0.12105 0.1241 0.12725 0.1305 0.13385 0.1373 0.14085 0.1445 0.14825 0.1521 0.15605 0.1601 0.16425 0.1685 0.17285 0.1773 0.18185 0.1865 0.19125 0.1961 0.20105 0.2061 0.21125 0.2165 0.22185 0.2273 0.23285 0.2385 0.24425 0.2501 0.25605 0.2621 0.26825 0.2745 0.28085 0.2873 0.29385 0.3005 0.30725 0.3141 0.32105 0.3281 0.33525 0.3425 0.34985 0.3573 0.36485 0.3725 0.38025 0.3881 0.39605 0.4041 0.41225 0.4205 0.42885 0.4373 0.44585 0.4545 0.46325 0.4721 0.48105 0.4901 0.49925 0.5085 0.51785 0.5273 0.53685 0.5465 0.55625 0.5661 0.57605 
0.08 0.08005 0.0802 0.08045 0.0808 0.08125 0.0818 0.08245 0.0832 0.08405 0.085 0.08605 0.0872 0.08845 0.0898 0.09125 0.0928 0.09445 0.0962 0.09805 0.1 0.10205 0.1042 0.10645 0.1088 0.11125 0.1138 0.11645 0.1192 0.12205 0.125 0.12805 0.1312 0.13445 0.1378 0.14125 0.1448 0.14845 0.1522 0.15605 0.16 0.16405 0.1682 0.17245 0.1768 0.18125 0.1858 0.19045 0.1952 0.20005 0.205 0.21005 0.2152 0.22045 0.2258 0.23125 0.2368 0.24245 0.2482 0.25405 0.26 0.26605 0.2722 0.27845 0.2848 0.29125 0.2978 0.30445 0.3112 0.31805 0.325 0.33205 0.3392 0.34645 0.3538 0.36125 0.3688 0.37645 0.3842 0.39205 0.4 0.40805 0.4162 0.42445 0.4328 0.44125 0.4498 0.45845 0.4672 0.47605 0.485 0.49405 0.5032 0.51245 0.5218 0.53125 0.5408 0.55045 0.5602 0.57005 0.58 
0.08405 0.0841 0.08425 0.0845 0.08485 0.0853 0.08585 0.0865 0.08725 0.0881 0.08905 0.0901 0.09125 0.0925 0.09385 0.0953 0.09685 0.0985 0.10025 0.1021 0.10405 0.1061 0.10825 0.1105 0.11285 0.1153 0.11785 0.1205 0.12325 0.1261 0.12905 0.1321 0.13525 0.1385 0.14185 0.1453 0.14885 0.1525 0.15625 0.1601 0.16405 0.1681 0.17225 0.1765 0.18085 0.1853 0.18985 0.1945 0.19925 0.2041 0.20905 0.2141 0.21925 0.2245 0.22985 0.2353 0.24085 0.2465 0.25225 0.2581 0.26405 0.2701 0.27625 0.2825 0.28885 0.2953 0.30185 0.3085 0.31525 0.3221 0.32905 0.3361 0.34325 0.3505 0.35785 0.3653 0.37285 0.3805 0.38825 0.3961 0.40405 0.4121 0.42025 0.4285 0.43685 0.4453 0.45385 0.4625 0.47125 0.4801 0.48905 0.4981 0.50725 0.5165 0.52585 0.5353 0.54485 0.5545 0.56425 0.5741 0.58405 
0.0882 0.08825 0.0884 0.08865 0.089 0.08945 0.09 0.09065 0.0914 0.09225 0.0932 0.09425 0.0954 0.09665 0.098 0.09945 0.101 0.10265 0.1044 0.10625 0.1082 0.11025 0.1124 0.11465 0.117 0.11945 0.122 0.12465 0.1274 0.13025 0.1332 0.13625 0.1394 0.14265 0.146 0.14945 0.153 0.15665 0.1604 0.16425 0.1682 0.17225 0.1764 0.18065 0.185 0.18945 0.194 0.19865 0.2034 0.20825 0.2132 0.21825 0.2234 0.22865 0.234 0.23945 0.245 0.25065 0.2564 0.26225 0.2682 0.27425 0.2804 0.28665 0.293 0.29945 0.306 0.31265 0.3194 0.32625 0.3332 0.34025 0.3474 0.35465 0.362 0.36945 0.377 0.38465 0.3924 0.40025 0.4082 0.41625 0.4244 0.43265 0.441 0.44945 0.458 0.46665 0.4754 0.48425 0.4932 0.50225 0.5114 0.52065 0.53 0.53945 0.549 0.55865 0.5684 0.57825 0.5882 
0.09245 0.0925 0.09265 0.0929 0.09325 0.0937 0.09425 0.0949 0.09565 0.0965 0.09745 0.0985 0.09965 0.1009 0.10225 0.1037 0.10525 0.1069 0.10865 0.1105 0.11245 0.1145 0.11665 0.1189 0.12125 0.1237 0.12625 0.1289 0.13165 0.1345 0.13745 0.1405 0.14365 0.1469 0.15025 0.1537 0.15725 0.1609 0.16465 0.1685 0.17245 0.1765 0.18065 0.1849 0.18925 0.1937 0.19825 0.2029 0.20765 0.2125 0.21745 0.2225 0.22765 0.2329 0.23825 0.2437 0.24925 0.2549 0.26065 0.2665 0.27245 0.2785 0.28465 0.2909 0.29725 0.3037 0.31025 0.3169 0.32365 0.3305 0.33745 0.3445 0.35165 0.3589 0.36625 0.3737 0.38125 0.3889 0.39665 0.4045 0.41245 0.4205 0.42865 0.4369 0.44525 0.4537 0.46225 0.4709 0.47965 0.4885 0.49745 0.5065 0.51565 0.5249 0.53425 0.5437 0.55325 0.5629 0.57265 0.5825 0.59245 
0.0968 0.09685 0.097 0.09725 0.0976 0.09805 0.0986 0.09925 0.1 0.10085 0.1018 0.10285 0.104 0.10525 0.1066 0.10805 0.1096 0.11125 0.113 0.11485 0.1168 0.11885 0.121 0.12325 0.1256 0.12805 0.1306 0.13325 0.136 0.13885 0.1418 0.14485 0.148 0.15125 0.1546 0.15805 0.1616 0.16525 0.169 0.17285 0.1768 0.18085 0.185 0.18925 0.1936 0.19805 0.2026 0.20725 0.212 0.21685 0.2218 0.22685 0.232 0.23725 0.2426 0.24805 0.2536 0.25925 0.265 0.27085 0.2768 0.28285 0.289 0.29525 0.3016 0.30805 0.3146 0.32125 0.328 0.33485 0.3418 0.34885 0.356 0.36325 0.3706 0.37805 0.3856 0.39325 0.401 0.40885 0.4168 0.42485 0.433 0.44125 0.4496 0.45805 0.4666 0.47525 0.484 0.49285 0.5018 0.51085 0.52 0.52925 0.5386 0.54805 0.5576 0.56725 0.577 0.58685 0.5968 
0.10125 0.1013 0.10145 0.1017 0.10205 0.1025 0.10305 0.1037 0.10445 0.1053 0.10625 0.1073 0.10845 0.1097 0.11105 0.1125 0.11405 0.1157 0.11745 0.1193 0.12125 0.1233 0.12545 0.1277 0.13005 0.1325 0.13505 0.1377 0.14045 0.1433 0.14625 0.1493 0.15245 0.1557 0.15905 0.1625 0.16605 0.1697 0.17345 0.1773 0.18125 0.1853 0.18945 0.1937 0.19805 0.2025 0.20705 0.2117 0.21645 0.2213 0.22625 0.2313 0.23645 0.2417 0.24705 0.2525 0.25805 0.2637 0.26945 0.2753 0.28125 0.2873 0.29345 0.2997 0.30605 0.3125 0.31905 0.3257 0.33245 0.3393 0.34625 0.3533 0.36045 0.3677 0.37505 0.3825 0.39005 0.3977 0.40545 0.4133 0.42125 0.4293 0.43745 0.4457 0.45405 0.4625 0.47105 0.4797 0.48845 0.4973 0.50625 0.5153 0.52445 0.5337 0.54305 0.5525 0.56205 0.5717 0.58145 0.5913 0.60125 
0.1058 0.10585 0.106 0.10625 0.1066 0.10705 0.1076 0.10825 0.109 0.10985 0.1108 0.11185 0.113 0.11425 0.1156 0.11705 0.1186 0.12025 0.122 0.12385 0.1258 0.12785 0.13 0.13225 0.1346 0.13705 0.1396 0.14225 0.145 0.14785 0.1508 0.15385 0.157 0.16025 0.1636 0.16705 0.1706 0.17425 0.178 0.18185 0.1858 0.18985 0.194 0.19825 0.2026 0.20705 0.2116 0.21625 0.221 0.22585 0.2308 0.23585 0.241 0.24625 0.2516 0.25705 0.2626 0.26825 0.274 0.27985 0.2858 0.29185 0.298 0.30425 0.3106 0.31705 0.3236 0.33025 0.337 0.34385 0.3508 0.35785 0.365 0.37225 0.3796 0.38705 0.3946 0.40225 0.41 0.41785 0.4258 0.43385 0.442 0.45025 0.4586 0.46705 0.4756 0.48425 0.493 0.50185 0.5108 0.51985 0.529 0.53825 0.5476 0.55705 0.5666 0.57625 0.586 0.59585 0.6058 
0.11045 0.1105 0.11065 0.1109 0.11125 0.1117 0.11225 0.1129 0.11365 0.1145 0.11545 0.1165 0.11765 0.1189 0.12025 0.1217 0.12325 0.1249 0.12665 0.1285 0.13045 0.1325 0.13465 0.1369 0.13925 0.1417 0.14425 0.1469 0.14965 0.1525 0.15545 0.1585 0.16165 0.1649 0.16825 0.1717 0.17525 0.1789 0.18265 0.1865 0.19045 0.1945 0.19865 0.2029 0.20725 0.2117 0.21625 0.2209 0.22565 0.2305 0.23545 0.2405 0.24565 0.2509 0.25625 0.2617 0.26725 0.2729 0.27865 0.2845 0.29045 0.2965 0.30265 0.3089 0.31525 0.3217 0.32825 0.3349 0.34165 0.3485 0.35545 0.3625 0.36965 0.3769 0.38425 0.3917 0.39925 0.4069 0.41465 0.4225 0.43045 0.4385 0.44665 0.4549 0.46325 0.4717 0.48025 0.4889 0.49765 0.5065 0.51545 0.5245 0.53365 0.5429 0.55225 0.5617 0.57125 0.5809 0.59065 0.6005 0.61045 
0.1152 0.11525 0.1154 0.11565 0.116 0.11645 0.117 0.11765 0.1184 0.11925 0.1202 0.12125 0.1224 0.12365 0.125 0.12645 0.128 0.12965 0.1314 0.13325 0.1352 0.13725 0.1394 0.14165 0.144 0.14645 0.149 0.15165 0.1544 0.15725 0.1602 0.16325 0.1664 0.16965 0.173 0.17645 0.18 0.18365 0.1874 0.19125 0.1952 0.19925 0.2034 0.20765 0.212 0.21645 0.221 0.22565 0.2304 0.23525 0.2402 0.24525 0.2504 0.25565 0.261 0.26645 0.272 0.27765 0.2834 0.28925 0.2952 0.30125 0.3074 0.31365 0.32 0.32645 0.333 0.33965 0.3464 0.35325 0.3602 0.36725 0.3744 0.38165 0.389 0.39645 0.404 0.41165 0.4194 0.42725 0.4352 0.44325 0.4514 0.45965 0.468 0.47645 0.485 0.49365 0.5024 0.51125 0.5202 0.52925 0.5384 0.54765 0.557 0.56645 0.576 0.58565 0.5954 0.60525 0.6152 
0.12005 0.1201 0.12025 0.1205 0.12085 0.1213 0.12185 0.1225 0.12325 0.1241 0.12505 0.1261 0.12725 0.1285 0.12985 0.1313 0.13285 0.1345 0.13625 0.1381 0.14005 0.1421 0.14425 0.1465 0.14885 0.1513 0.15385 0.1565 0.15925 0.1621 0.16505 0.1681 0.17125 0.1745 0.17785 0.1813 0.18485 0.1885 0.19225 0.1961 0.20005 0.2041 0.20825 0.2125 0.21685 0.2213 0.22585 0.2305 0.23525 0.2401 0.24505 0.2501 0.25525 0.2605 0.26585 0.2713 0.27685 0.2825 0.28825 0.2941 0.30005 0.3061 0.31225 0.3185 0.32485 0.3313 0.33785 0.3445 0.35125 0.3581 0.36505 0.3721 0.37925 0.3865 0.39385 0.4013 0.40885 0.4165 0.42425 0.4321 0.44005 0.4481 0.45625 0.4645 0.47285 0.4813 0.48985 0.4985 0.50725 0.5161 0.52505 0.5341 0.54325 0.5525 0.56185 0.5713 0.58085 0.5905 0.60025 0.6101 0.62005 
0.125 0.12505 0.1252 0.12545 0.1258 0.12625 0.1268 0.12745 0.1282 0.12905 0.13 0.13105 0.1322 0.13345 0.1348 0.13625 0.1378 0.13945 0.1412 0.14305 0.145 0.14705 0.1492 0.15145 0.1538 0.15625 0.1588 0.16145 0.1642 0.16705 0.17 0.17305 0.1762 0.17945 0.1828 0.18625 0.1898 0.19345 0.1972 0.20105 0.205 0.20905 0.2132 0.21745 0.2218 0.22625 0.2308 0.23545 0.2402 0.24505 0.25 0.25505 0.2602 0.26545 0.2708 0.27625 0.2818 0.28745 0.2932 0.29905 0.305 0.31105 0.3172 0.32345 0.3298 0.33625 0.3428 0.34945 0.3562 0.36305 0.37 0.37705 0.3842 0.39145 0.3988 0.40625 0.4138 0.42145 0.4292 0.43705 0.445 0.45305 0.4612 0.46945 0.4778 0.48625 0.4948 0.50345 0.5122 0.52105 0.53 0.53905 0.5482 0.55745 0.5668 0.57625 0.5858 0.59545 0.6052 0.61505 0.625 
0.13005 0.1301 0.13025 0.1305 0.13085 0.1313 0.13185 0.1325 0.13325 0.1341 0.13505 0.1361 0.13725 0.1385 0.13985 0.1413 0.14285 0.1445 0.14625 0.1481 0.15005 0.1521 0.15425 0.1565 0.15885 0.1613 0.16385 0.1665 0.16925 0.1721 0.17505 0.1781 0.18125 0.1845 0.18785 0.1913 0.19485 0.1985 0.20225 0.2061 0.21005 0.2141 0.21825 0.2225 0.22685 0.2313 0.23585 0.2405 0.24525 0.2501 0.25505 0.2601 0.26525 0.2705 0.27585 0.2813 0.28685 0.2925 0.29825 0.3041 0.31005 0.3161 0.32225 0.3285 0.33485 0.3413 0.34785 0.3545 0.36125 0.3681 0.37505 0.3821 0.38925 0.3965 0.40385 0.4113 0.41885 0.4265 0.43425 0.4421 0.45005 0.4581 0.46625 0.4745 0.48285 0.4913 0.49985 0.5085 0.51725 0.5261 0.53505 0.5441 0.55325 0.5625 0.57185 0.5813 0.59085 0.6005 0.61025 0.6201 0.63005 
0.1352 0.13525 0.1354 0.13565 0.136 0.13645 0.137 0.13765 0.1384 0.13925 0.1402 0.14125 0.1424 0.14365 0.145 0.14645 0.148 0.14965 0.1514 0.15325 0.1552 0.15725 0.1594 0.16165 0.164 0.16645 0.169 0.17165 0.1744 0.17725 0.1802 0.18325 0.1864 0.18965 0.193 0.19645 0.2 0.20365 0.2074 0.21125 0.2152 0.21925 0.2234 0.22765 0.232 0.23645 0.241 0.24565 0.2504 0.25525 0.2602 0.26525 0.2704 0.27565 0.281 0.28645 0.292 0.29765 0.3034 0.30925 0.3152 0.32125 0.3274 0.33365 0.34 0.34645 0.353 0.35965 0.3664 0.37325 0.3802 0.38725 0.3944 0.40165 0.409 0.41645 0.424 0.43165 0.4394 0.44725 0.4552 0.46325 0.4714 0.47965 0.488 0.49645 0.505 0.51365 0.5224 0.53125 0.5402 0.54925 0.5584 0.56765 0.577 0.58645 0.596 0.60565 0.6154 0.62525 0.6352 
