101 0.01 400
0 5e-05 0.0002 0.00045 0.0008 0.00125 0.0018 0.00245 0.0032 0.00405 0.005 0.00605 0.0072 0.00845 0.0098 0.01125 0.0128 0.01445 0.0162 0.01805 0.02 0.02205 0.0242 0.02645 0.0288 0.03125 0.0338 0.03645 0.0392 0.04205 0.045 0.04805 0.0512 0.05445 0.0578 0.06125 0.0648 0.06845 0.0722 0.07605 0.08 0.08405 0.0882 0.09245 0.0968 0.10125 0.1058 0.11045 0.1152 0.12005 0.125 0.13005 0.1352 0.14045 0.1458 0.15125 0.1568 0.16245 0.1682 0.17405 0.18 0.18605 0.1922 0.19845 0.2048 0.21125 0.2178 0.22445 0.2312 0.23805 0.245 0.25205 0.2592 0.26645 0.2738 0.28125 0.2888 0.29645 0.3042 0.31205 0.32 0.32805 0.3362 0.34445 0.3528 0.36125 0.3698 0.37845 0.3872 0.39605 0.405 0.41405 0.4232 0.43245 0.4418 0.45125 0.4608 0.47045 0.4802 0.49005 0.5 
5e-05 0.000487054 0.000924424 0.00140196 0.00193855 0.0025447 0.00322695 0.00398983 0.00483661 0.00576983 0.00679149 0.00790323 0.00910641 0.0104022 0.0117915 0.0132753 0.0148542 0.016529 0.0183 0.020168 0.0221332 0.024196 0.0263569 0.028616 0.0309736 0.03343 0.0359853 0.0386397 0.0413933 0.0442463 0.0471988 0.0502508 0.0534024 0.0566537 0.0600048 0.0634557 0.0670063 0.0706569 0.0744073 0.0782577 0.0822079 0.0862582 0.0904083 0.0946584 0.0990085 0.103459 0.108009 0.112659 0.117409 0.122259 0.127209 0.132259 0.137409 0.142659 0.148009 0.153459 0.159009 0.164658 0.170408 0.176258 0.182208 0.188258 0.194407 0.200657 0.207006 0.213456 0.220005 0.226654 0.233402 0.240251 0.247199 0.254246 0.261393 0.26864 0.275985 0.28343 0.290974 0.298616 0.306357 0.314196 0.322133 0.330168 0.3383 0.346529 0.354854 0.363275 0.371792 0.380402 0.389106 0.397903 0.406791 0.41577 0.424837 0.43399 0.443227 0.452545 0.461939 0.471402 0.480924 0.490487 0.50005 
0.0002 0.000924424 0.00160995 0.00229674 0.00301007 0.00376639 0.00457699 0.00545002 0.00639161 0.00740657 0.00849876 0.00967136 0.010927 0.012268 0.0136963 0.0152135 0.016821 0.0185202 0.0203122 0.0221979 0.0241782 0.0262538 0.0284254 0.0306936 0.0330588 0.0355215 0.038082 0.0407408 0.043498 0.046354 0.0493089 0.0523629 0.0555161 0.0587688 0.0621209 0.0655726 0.069124 0.0727751 0.0765259 0.0803766 0.0843272 0.0883776 0.0925279 0.0967782 0.101128 0.105579 0.110129 0.114779 0.119529 0.124379 0.129329 0.134379 0.139529 0.144779 0.150129 0.155579 0.161128 0.166778 0.172528 0.178378 0.184327 0.190377 0.196526 0.202775 0.209124 0.215573 0.222121 0.228769 0.235516 0.242363 0.249309 0.256354 0.263498 0.270741 0.278082 0.285521 0.293059 0.300694 0.308425 0.316254 0.324178 0.332198 0.340312 0.34852 0.356821 0.365213 0.373696 0.382268 0.390927 0.399671 0.408499 0.417407 0.426392 0.43545 0.444577 0.453766 0.46301 0.472297 0.48161 0.490924 0.5002 
0.00045 0.00140196 0.00229674 0.00316876 0.00404359 0.00494001 0.00587198 0.00685015 0.00788285 0.00897675 0.0101373 0.0113691 0.0126759 0.014061 0.0155273 0.0170772 0.0187128 0.020436 0.0222485 0.0241517 0.0261468 0.028235 0.0304171 0.0326942 0.0350669 0.0375358 0.0401016 0.0427646 0.0455254 0.0483843 0.0513416 0.0543976 0.0575524 0.0608063 0.0641595 0.0676121 0.0711641 0.0748157 0.078567 0.0824181 0.0863689 0.0904195 0.09457 0.0988204 0.103171 0.107621 0.112171 0.116821 0.121571 0.126421 0.131371 0.136421 0.141571 0.146821 0.152171 0.157621 0.163171 0.16882 0.17457 0.180419 0.186369 0.192418 0.198567 0.204816 0.211164 0.217612 0.22416 0.230806 0.237552 0.244398 0.251342 0.258384 0.265525 0.272765 0.280102 0.287536 0.295067 0.302694 0.310417 0.318235 0.326147 0.334152 0.342249 0.350436 0.358713 0.367077 0.375527 0.384061 0.392676 0.401369 0.410137 0.418977 0.427883 0.43685 0.445872 0.45494 0.464044 0.473169 0.482297 0.491402 0.50045 
0.0008 0.00193855 0.00301007 0.00404359 0.00506299 0.00608734 0.00713179 0.00820849 0.00932726 0.0104962 0.0117221 0.0130106 0.0143667 0.0157944 0.0172975 0.018879 0.0205419 0.0222885 0.0241209 0.0260411 0.0280506 0.030151 0.0323436 0.0346293 0.0370093 0.0394843 0.0420551 0.0447224 0.0474867 0.0503484 0.0533081 0.056366 0.0595224 0.0627776 0.0661318 0.0695852 0.0731379 0.07679 0.0805417 0.0843931 0.0883442 0.092395 0.0965456 0.100796 0.105147 0.109597 0.114147 0.118797 0.123547 0.128397 0.133347 0.138397 0.143547 0.148797 0.154147 0.159597 0.165147 0.170796 0.176546 0.182395 0.188344 0.194393 0.200542 0.20679 0.213138 0.219585 0.226132 0.232778 0.239522 0.246366 0.253308 0.260348 0.267487 0.274722 0.282055 0.289484 0.297009 0.304629 0.312344 0.320151 0.328051 0.336041 0.344121 0.352288 0.360542 0.368879 0.377297 0.385794 0.394367 0.403011 0.411722 0.420496 0.429327 0.438208 0.447132 0.456087 0.465063 0.474044 0.48301 0.491939 0.5008 
0.00125 0.0025447 0.00376639 0.00494001 0.00608734 0.00722684 0.00837397 0.0095416 0.0107405 0.0119799 0.0132674 0.0146097 0.0160126 0.017481 0.0190193 0.0206312 0.0223203 0.0240893 0.025941 0.0278776 0.0299011 0.0320134 0.0342159 0.0365101 0.0388971 0.041378 0.0439538 0.0466252 0.0493928 0.0522574 0.0552193 0.0582791 0.061437 0.0646935 0.0680487 0.0715028 0.0750562 0.0787089 0.082461 0.0863127 0.090264 0.094315 0.0984658 0.102716 0.107067 0.111517 0.116068 0.120718 0.125468 0.130318 0.135268 0.140318 0.145468 0.150718 0.156068 0.161517 0.167067 0.172716 0.178466 0.184315 0.190264 0.196313 0.202461 0.208709 0.215056 0.221503 0.228049 0.234693 0.241437 0.248279 0.255219 0.262257 0.269393 0.276625 0.283954 0.291378 0.298897 0.30651 0.314216 0.322013 0.329901 0.337878 0.345941 0.354089 0.36232 0.370631 0.379019 0.387481 0.396013 0.40461 0.413267 0.42198 0.430741 0.439542 0.448374 0.457227 0.466087 0.47494 0.483766 0.492545 0.50125 
0.0018 0.00322695 0.00457699 0.00587198 0.00713179 0.00837397 0.00961377 0.0108643 0.012137 0.0134416 0.0147866 0.0161794 0.0176263 0.0191331 0.0207048 0.0223456 0.0240596 0.0258501 0.0277202 0.0296725 0.0317094 0.033833 0.0360451 0.0383474 0.0407413 0.0432279 0.0458085 0.0484838 0.0512547 0.0541219 0.0570861 0.0601477 0.0633071 0.0665647 0.0699209 0.0733758 0.0769298 0.080583 0.0843355 0.0881875 0.0921391 0.0961903 0.100341 0.104592 0.108943 0.113393 0.117943 0.122594 0.127344 0.132194 0.137144 0.142194 0.147344 0.152594 0.157943 0.163393 0.168943 0.174592 0.180341 0.18619 0.192139 0.198187 0.204335 0.210583 0.21693 0.223376 0.229921 0.236565 0.243307 0.250148 0.257086 0.264122 0.271255 0.278484 0.285808 0.293228 0.300741 0.308347 0.316045 0.323833 0.331709 0.339672 0.34772 0.35585 0.36406 0.372346 0.380705 0.389133 0.397626 0.406179 0.414787 0.423442 0.432137 0.440864 0.449614 0.458374 0.467132 0.475872 0.484577 0.493227 0.5018 
0.00245 0.00398983 0.00545002 0.00685015 0.00820849 0.0095416 0.0108643 0.0121899 0.0135297 0.0148942 0.0162922 0.0177317 0.0192198 0.0207625 0.0223655 0.0240336 0.0257711 0.0275819 0.0294694 0.0314366 0.0334863 0.0356207 0.0378421 0.0401521 0.0425524 0.0450445 0.0476296 0.0503087 0.0530828 0.0559526 0.0589189 0.0619822 0.065143 0.0684018 0.0717589 0.0752146 0.0787692 0.0824228 0.0861757 0.090028 0.0939798 0.0980313 0.102182 0.106433 0.110784 0.115234 0.119785 0.124435 0.129185 0.134035 0.138985 0.144035 0.149185 0.154435 0.159785 0.165234 0.170784 0.176433 0.182182 0.188031 0.19398 0.200028 0.206176 0.212423 0.218769 0.225215 0.231759 0.238402 0.245143 0.251982 0.258919 0.265953 0.273083 0.280309 0.28763 0.295045 0.302552 0.310152 0.317842 0.325621 0.333486 0.341437 0.349469 0.357582 0.365771 0.374034 0.382366 0.390763 0.39922 0.407732 0.416292 0.424894 0.43353 0.44219 0.450864 0.459542 0.468208 0.47685 0.48545 0.49399 0.50245 
0.0032 0.00483661 0.00639161 0.00788285 0.00932726 0.0107405 0.012137 0.0135297 0.0149303 0.0163492 0.0177957 0.0192783 0.0208043 0.0223804 0.0240125 0.025706 0.0274655 0.0292954 0.0311993 0.0331806 0.0352423 0.037387 0.039617 0.0419343 0.0443409 0.0468382 0.0494275 0.0521103 0.0548873 0.0577596 0.0607279 0.0637929 0.066955 0.0702149 0.0735729 0.0770294 0.0805845 0.0842386 0.0879919 0.0918445 0.0957965 0.0998481 0.103999 0.10825 0.112601 0.117052 0.121602 0.126252 0.131002 0.135853 0.140803 0.145853 0.151002 0.156252 0.161602 0.167052 0.172601 0.17825 0.183999 0.189848 0.195796 0.201844 0.207992 0.214239 0.220585 0.227029 0.233573 0.240215 0.246955 0.253793 0.260728 0.26776 0.274887 0.28211 0.289428 0.296838 0.304341 0.311934 0.319617 0.327387 0.335242 0.343181 0.351199 0.359295 0.367466 0.375706 0.384013 0.39238 0.400804 0.409278 0.417796 0.426349 0.43493 0.44353 0.452137 0.460741 0.469327 0.477883 0.486392 0.494837 0.5032 
0.00405 0.00576983 0.00740657 0.00897675 0.0104962 0.0119799 0.0134416 0.0148942 0.0163492 0.0178172 0.0193078 0.0208296 0.0223904 0.0239971 0.0256562 0.0273732 0.0291532 0.0310008 0.03292 0.0349144 0.0369874 0.0391417 0.0413798 0.0437041 0.0461165 0.0486186 0.0512121 0.0538982 0.0566781 0.0595527 0.062523 0.0655895 0.068753 0.0720139 0.0753727 0.0788298 0.0823855 0.0860401 0.0897937 0.0936466 0.0975988 0.101651 0.105802 0.110053 0.114404 0.118854 0.123405 0.128055 0.132805 0.137656 0.142606 0.147656 0.152805 0.158055 0.163405 0.168854 0.174404 0.180053 0.185802 0.191651 0.197599 0.203647 0.209794 0.21604 0.222386 0.22883 0.235373 0.242014 0.248753 0.255589 0.262523 0.269553 0.276678 0.283898 0.291212 0.298619 0.306116 0.313704 0.32138 0.329142 0.336987 0.344914 0.35292 0.361001 0.369153 0.377373 0.385656 0.393997 0.40239 0.41083 0.419308 0.427817 0.436349 0.444894 0.453442 0.46198 0.470496 0.478977 0.487407 0.49577 0.50405 
0.005 0.00679149 0.00849876 0.0101373 0.0117221 0.0132674 0.0147866 0.0162922 0.0177957 0.0193078 0.0208381 0.0223954 0.0239878 0.0256225 0.0273062 0.0290448 0.0308437 0.0327077 0.0346411 0.0366478 0.0387312 0.0408944 0.0431402 0.0454709 0.0478887 0.0503955 0.0529928 0.0556821 0.0584647 0.0613415 0.0643135 0.0673815 0.0705462 0.0738081 0.0771678 0.0806255 0.0841817 0.0878367 0.0915906 0.0954437 0.0993962 0.103448 0.1076 0.111851 0.116202 0.120652 0.125203 0.129853 0.134603 0.139454 0.144404 0.149454 0.154603 0.159853 0.165203 0.170652 0.176202 0.181851 0.1876 0.193448 0.199396 0.205444 0.211591 0.217837 0.224182 0.230626 0.237168 0.243808 0.250546 0.257382 0.264314 0.271341 0.278465 0.285682 0.292993 0.300395 0.307889 0.315471 0.32314 0.330894 0.338731 0.346648 0.354641 0.362708 0.370844 0.379045 0.387306 0.395623 0.403988 0.412395 0.420838 0.429308 0.437796 0.446292 0.454787 0.463267 0.471722 0.480137 0.488499 0.496791 0.505 
0.00605 0.00790323 0.00967136 0.0113691 0.0130106 0.0146097 0.0161794 0.0177317 0.0192783 0.0208296 0.0223954 0.0239846 0.0256056 0.0272657 0.0289718 0.0307302 0.0325463 0.0344253 0.0363718 0.0383897 0.0404828 0.0426543 0.0449072 0.0472439 0.0496668 0.0521778 0.0547787 0.0574709 0.060256 0.0631348 0.0661086 0.069178 0.0723438 0.0756066 0.078967 0.0824254 0.0859821 0.0896374 0.0933917 0.097245 0.101198 0.10525 0.109401 0.113653 0.118004 0.122454 0.127005 0.131655 0.136405 0.141256 0.146206 0.151256 0.156405 0.161655 0.167005 0.172454 0.178004 0.183653 0.189401 0.19525 0.201198 0.207245 0.213392 0.219637 0.225982 0.232425 0.238967 0.245607 0.252344 0.259178 0.266109 0.273135 0.280256 0.287471 0.294779 0.302178 0.309667 0.317244 0.324907 0.332654 0.340483 0.34839 0.356372 0.364425 0.372546 0.38073 0.388972 0.397266 0.405606 0.413985 0.422395 0.43083 0.439278 0.447732 0.456179 0.46461 0.473011 0.481369 0.489671 0.497903 0.50605 
0.0072 0.00910641 0.010927 0.0126759 0.0143667 0.0160126 0.0176263 0.0192198 0.0208043 0.0223904 0.0239878 0.0256056 0.0272521 0.0289351 0.0306615 0.0324377 0.0342696 0.0361623 0.0381206 0.0401489 0.0422508 0.04443 0.0466893 0.0490316 0.0514591 0.0539741 0.0565783 0.0592733 0.0620606 0.0649414 0.0679167 0.0709874 0.0741543 0.077418 0.080779 0.084238 0.0877951 0.0914508 0.0952054 0.099059 0.103012 0.107064 0.111216 0.115467 0.119818 0.124269 0.128819 0.13347 0.13822 0.14307 0.14802 0.15307 0.15822 0.16347 0.168819 0.174269 0.179818 0.185467 0.191216 0.197064 0.203012 0.209059 0.215205 0.221451 0.227795 0.234238 0.240779 0.247418 0.254154 0.260987 0.267917 0.274941 0.282061 0.289273 0.296578 0.303974 0.311459 0.319032 0.326689 0.33443 0.342251 0.350149 0.358121 0.366162 0.37427 0.382438 0.390662 0.398935 0.407252 0.415606 0.423988 0.43239 0.440804 0.44922 0.457626 0.466013 0.474367 0.482676 0.490927 0.499106 0.5072 
0.00845 0.0104022 0.012268 0.014061 0.0157944 0.017481 0.0191331 0.0207625 0.0223804 0.0239971 0.0256225 0.0272657 0.0289351 0.0306385 0.0323831 0.0341754 0.0360214 0.0379266 0.0398957 0.0419333 0.0440434 0.0462295 0.0484947 0.0508421 0.0532739 0.0557925 0.0583997 0.0610973 0.0638867 0.0667693 0.069746 0.0728179 0.0759858 0.0792503 0.082612 0.0860714 0.089629 0.093285 0.0970399 0.100894 0.104847 0.108899 0.113051 0.117302 0.121653 0.126104 0.130655 0.135305 0.140056 0.144906 0.149856 0.154906 0.160056 0.165305 0.170655 0.176104 0.181653 0.187302 0.193051 0.198899 0.204847 0.210894 0.21704 0.223285 0.229629 0.236071 0.242612 0.24925 0.255986 0.262818 0.269746 0.276769 0.283887 0.291097 0.2984 0.305792 0.313274 0.320842 0.328495 0.336229 0.344043 0.351933 0.359896 0.367927 0.376021 0.384175 0.392383 0.400639 0.408935 0.417266 0.425623 0.433997 0.44238 0.450763 0.459133 0.467481 0.475794 0.484061 0.492268 0.500402 0.50845 
0.0098 0.0117915 0.0136963 0.0155273 0.0172975 0.0190193 0.0207048 0.0223655 0.0240125 0.0256562 0.0273062 0.0289718 0.0306615 0.0323831 0.034144 0.0359507 0.0378094 0.0397257 0.0417046 0.0437506 0.045868 0.0480604 0.0503311 0.052683 0.0551187 0.0576406 0.0602506 0.0629506 0.0657419 0.0686261 0.0716042 0.0746772 0.0778459 0.0811111 0.0844735 0.0879334 0.0914913 0.0951477 0.0989028 0.102757 0.10671 0.110762 0.114914 0.119166 0.123517 0.127968 0.132518 0.137169 0.141919 0.146769 0.151719 0.156769 0.161919 0.167169 0.172518 0.177968 0.183517 0.189166 0.194914 0.200762 0.20671 0.212757 0.218903 0.225148 0.231491 0.237933 0.244473 0.251111 0.257846 0.264677 0.271604 0.278626 0.285742 0.292951 0.300251 0.307641 0.315119 0.322683 0.330331 0.33806 0.345868 0.353751 0.361705 0.369726 0.377809 0.385951 0.394144 0.402383 0.410662 0.418972 0.427306 0.435656 0.444013 0.452366 0.460705 0.469019 0.477297 0.485527 0.493696 0.501792 0.5098 
0.01125 0.0132753 0.0152135 0.0170772 0.018879 0.0206312 0.0223456 0.0240336 0.025706 0.0273732 0.0290448 0.0307302 0.0324377 0.0341754 0.0359507 0.0377702 0.0396403 0.0415665 0.0435541 0.0456078 0.0477318 0.0499299 0.0522054 0.0545615 0.0570008 0.0595257 0.0621382 0.0648402 0.0676334 0.070519 0.0734983 0.0765723 0.0797419 0.0830078 0.0863706 0.089831 0.0933893 0.097046 0.100801 0.104655 0.108609 0.112661 0.116813 0.121065 0.125416 0.129867 0.134418 0.139068 0.143818 0.148669 0.153619 0.158669 0.163818 0.169068 0.174418 0.179867 0.185416 0.191065 0.196813 0.202661 0.208609 0.214655 0.220801 0.227046 0.233389 0.239831 0.246371 0.253008 0.259742 0.266572 0.273498 0.280519 0.287633 0.29484 0.302138 0.309526 0.317001 0.324561 0.332205 0.33993 0.347732 0.355608 0.363554 0.371567 0.37964 0.38777 0.395951 0.404175 0.412438 0.42073 0.429045 0.437373 0.445706 0.454034 0.462346 0.470631 0.478879 0.487077 0.495213 0.503275 0.51125 
0.0128 0.0148542 0.016821 0.0187128 0.0205419 0.0223203 0.0240596 0.0257711 0.0274655 0.0291532 0.0308437 0.0325463 0.0342696 0.0360214 0.0378094 0.0396403 0.0415204 0.0434555 0.0454509 0.0475113 0.0496412 0.0518444 0.0541243 0.0564841 0.0589266 0.0614542 0.064069 0.066773 0.0695677 0.0724547 0.0754351 0.07851 0.0816803 0.0849468 0.0883102 0.0917709 0.0953296 0.0989865 0.102742 0.106596 0.11055 0.114602 0.118755 0.123006 0.127357 0.131808 0.136359 0.14101 0.14576 0.15061 0.15556 0.16061 0.16576 0.17101 0.176359 0.181808 0.187357 0.193006 0.198755 0.204602 0.21055 0.216596 0.222742 0.228986 0.23533 0.241771 0.24831 0.254947 0.26168 0.26851 0.275435 0.282455 0.289568 0.296773 0.304069 0.311454 0.318927 0.326484 0.334124 0.341844 0.349641 0.357511 0.365451 0.373455 0.38152 0.38964 0.397809 0.406021 0.41427 0.422546 0.430844 0.439153 0.447466 0.455771 0.46406 0.47232 0.480542 0.488713 0.496821 0.504854 0.5128 
0.01445 0.016529 0.0185202 0.020436 0.0222885 0.0240893 0.0258501 0.0275819 0.0292954 0.0310008 0.0327077 0.0344253 0.0361623 0.0379266 0.0397257 0.0415665 0.0434555 0.0453984 0.0474007 0.0494672 0.0516023 0.05381 0.0560939 0.058457 0.0609024 0.0634324 0.0660492 0.0687549 0.0715511 0.0744392 0.0774206 0.0804964 0.0836674 0.0869344 0.0902982 0.0937594 0.0973183 0.100975 0.104731 0.108586 0.112539 0.116592 0.120744 0.124996 0.129347 0.133798 0.138349 0.142999 0.14775 0.1526 0.15755 0.1626 0.16775 0.172999 0.178349 0.183798 0.189347 0.194996 0.200744 0.206592 0.212539 0.218586 0.224731 0.230975 0.237318 0.243759 0.250298 0.256934 0.263667 0.270496 0.277421 0.284439 0.291551 0.298755 0.306049 0.313432 0.320902 0.328457 0.336094 0.34381 0.351602 0.359467 0.367401 0.375398 0.383455 0.391567 0.399726 0.407927 0.416162 0.424425 0.432708 0.441001 0.449295 0.457582 0.46585 0.474089 0.482288 0.490436 0.49852 0.506529 0.51445 
0.0162 0.0183 0.0203122 0.0222485 0.0241209 0.025941 0.0277202 0.0294694 0.0311993 0.03292 0.0346411 0.0363718 0.0381206 0.0398957 0.0417046 0.0435541 0.0454509 0.0474007 0.0494091 0.0514809 0.0536206 0.0558324 0.0581197 0.0604858 0.0629337 0.0654658 0.0680845 0.0707917 0.0735892 0.0764784 0.0794607 0.0825372 0.0857088 0.0889763 0.0923405 0.095802 0.0993612 0.103019 0.106774 0.110629 0.114583 0.118636 0.122788 0.12704 0.131391 0.135842 0.140393 0.145043 0.149793 0.154644 0.159594 0.164644 0.169793 0.175043 0.180393 0.185842 0.191391 0.19704 0.202788 0.208636 0.214583 0.220629 0.226774 0.233019 0.239361 0.245802 0.252341 0.258976 0.265709 0.272537 0.279461 0.286478 0.293589 0.300792 0.308085 0.315466 0.322934 0.330486 0.33812 0.345832 0.353621 0.361481 0.369409 0.377401 0.385451 0.393554 0.401705 0.409896 0.418121 0.426372 0.434641 0.44292 0.451199 0.459469 0.46772 0.475941 0.484121 0.492249 0.500312 0.5083 0.5162 
0.01805 0.020168 0.0221979 0.0241517 0.0260411 0.0278776 0.0296725 0.0314366 0.0331806 0.0349144 0.0366478 0.0383897 0.0401489 0.0419333 0.0437506 0.0456078 0.0475113 0.0494672 0.0514809 0.0535574 0.0557012 0.0579164 0.0602068 0.0625756 0.0650257 0.0675598 0.0701801 0.0728887 0.0756873 0.0785775 0.0815605 0.0846376 0.0878098 0.0910778 0.0944424 0.0979041 0.101464 0.105121 0.108877 0.112732 0.116686 0.120739 0.124891 0.129143 0.133494 0.137945 0.142496 0.147146 0.151897 0.156747 0.161697 0.166747 0.171897 0.177146 0.182496 0.187945 0.193494 0.199143 0.204891 0.210739 0.216686 0.222732 0.228877 0.235121 0.241464 0.247904 0.254442 0.261078 0.26781 0.274638 0.281561 0.288577 0.295687 0.302889 0.31018 0.31756 0.325026 0.332576 0.340207 0.347916 0.355701 0.363557 0.371481 0.379467 0.387511 0.395608 0.403751 0.411933 0.420149 0.42839 0.436648 0.444914 0.453181 0.461437 0.469672 0.477878 0.486041 0.494152 0.502198 0.510168 0.51805 
0.02 0.0221332 0.0241782 0.0261468 0.0280506 0.0299011 0.0317094 0.0334863 0.0352423 0.0369874 0.0387312 0.0404828 0.0422508 0.0440434 0.045868 0.0477318 0.0496412 0.0516023 0.0536206 0.0557012 0.0578486 0.0600669 0.06236 0.0647311 0.0671831 0.0697189 0.0723406 0.0750504 0.0778501 0.0807411 0.0837249 0.0868026 0.0899752 0.0932436 0.0966085 0.10007 0.10363 0.107288 0.111044 0.114899 0.118853 0.122906 0.127058 0.13131 0.135661 0.140112 0.144663 0.149314 0.154064 0.158914 0.163864 0.168914 0.174064 0.179314 0.184663 0.190112 0.195661 0.20131 0.207058 0.212906 0.218853 0.224899 0.231044 0.237288 0.24363 0.25007 0.256608 0.263244 0.269975 0.276803 0.283725 0.290741 0.29785 0.30505 0.312341 0.319719 0.327183 0.334731 0.34236 0.350067 0.357849 0.365701 0.373621 0.381602 0.389641 0.397732 0.405868 0.414043 0.422251 0.430483 0.438731 0.446987 0.455242 0.463486 0.471709 0.479901 0.488051 0.496147 0.504178 0.512133 0.52 
0.02205 0.024196 0.0262538 0.028235 0.030151 0.0320134 0.033833 0.0356207 0.037387 0.0391417 0.0408944 0.0426543 0.04443 0.0462295 0.0480604 0.0499299 0.0518444 0.05381 0.0558324 0.0579164 0.0600669 0.062288 0.0645834 0.0669565 0.0694103 0.0719475 0.0745705 0.0772814 0.0800819 0.0829736 0.085958 0.0890362 0.0922093 0.095478 0.0988432 0.102305 0.105865 0.109523 0.113279 0.117134 0.121088 0.125141 0.129294 0.133546 0.137897 0.142348 0.146899 0.151549 0.1563 0.16115 0.1661 0.17115 0.1763 0.181549 0.186899 0.192348 0.197897 0.203546 0.209294 0.215141 0.221088 0.227134 0.233279 0.239523 0.245865 0.252305 0.258843 0.265478 0.272209 0.279036 0.285958 0.292974 0.300082 0.307281 0.314571 0.321948 0.32941 0.336956 0.344583 0.352288 0.360067 0.367916 0.375832 0.38381 0.391844 0.39993 0.40806 0.416229 0.42443 0.432654 0.440894 0.449142 0.457387 0.465621 0.473833 0.482013 0.490151 0.498235 0.506254 0.514196 0.52205 
0.0242 0.0263569 0.0284254 0.0304171 0.0323436 0.0342159 0.0360451 0.0378421 0.039617 0.0413798 0.0431402 0.0449072 0.0466893 0.0484947 0.0503311 0.0522054 0.0541243 0.0560939 0.0581197 0.0602068 0.06236 0.0645834 0.0668808 0.0692556 0.071711 0.0742495 0.0768736 0.0795853 0.0823866 0.085279 0.088264 0.0913426 0.0945161 0.0977851 0.101151 0.104613 0.108173 0.111831 0.115587 0.119442 0.123396 0.127449 0.131602 0.135854 0.140205 0.144656 0.149207 0.153858 0.158608 0.163458 0.168408 0.173458 0.178608 0.183858 0.189207 0.194656 0.200205 0.205854 0.211602 0.217449 0.223396 0.229442 0.235587 0.241831 0.248173 0.254613 0.261151 0.267785 0.274516 0.281343 0.288264 0.295279 0.302387 0.309585 0.316874 0.324249 0.331711 0.339256 0.346881 0.354583 0.36236 0.370207 0.37812 0.386094 0.394124 0.402205 0.410331 0.418495 0.426689 0.434907 0.44314 0.45138 0.459617 0.467842 0.476045 0.484216 0.492344 0.500417 0.508425 0.516357 0.5242 
0.02645 0.028616 0.0306936 0.0326942 0.0346293 0.0365101 0.0383474 0.0401521 0.0419343 0.0437041 0.0454709 0.0472439 0.0490316 0.0508421 0.052683 0.0545615 0.0564841 0.058457 0.0604858 0.0625756 0.0647311 0.0669565 0.0692556 0.071632 0.0740886 0.0766282 0.0792533 0.0819659 0.0847678 0.0876608 0.0906462 0.0937253 0.096899 0.100168 0.103534 0.106997 0.110557 0.114215 0.117971 0.121826 0.12578 0.129834 0.133986 0.138238 0.142589 0.147041 0.151591 0.156242 0.160992 0.165843 0.170793 0.175843 0.180992 0.186242 0.191591 0.197041 0.202589 0.208238 0.213986 0.219834 0.22578 0.231826 0.237971 0.244215 0.250557 0.256997 0.263534 0.270168 0.276899 0.283725 0.290646 0.297661 0.304768 0.311966 0.319253 0.326628 0.334089 0.341632 0.349256 0.356956 0.364731 0.372576 0.380486 0.388457 0.396484 0.404561 0.412683 0.420842 0.429032 0.437244 0.445471 0.453704 0.461934 0.470152 0.478347 0.48651 0.494629 0.502694 0.510694 0.518616 0.52645 
0.0288 0.0309736 0.0330588 0.0350669 0.0370093 0.0388971 0.0407413 0.0425524 0.0443409 0.0461165 0.0478887 0.0496668 0.0514591 0.0532739 0.0551187 0.0570008 0.0589266 0.0609024 0.0629337 0.0650257 0.0671831 0.0694103 0.071711 0.0740886 0.0765464 0.079087 0.0817128 0.0844261 0.0872286 0.0901221 0.0931079 0.0961873 0.0993614 0.102631 0.105997 0.10946 0.11302 0.116678 0.120435 0.12429 0.128244 0.132297 0.13645 0.140701 0.145053 0.149504 0.154055 0.158706 0.163456 0.168306 0.173256 0.178306 0.183456 0.188706 0.194055 0.199504 0.205053 0.210701 0.21645 0.222297 0.228244 0.23429 0.240435 0.246678 0.25302 0.25946 0.265997 0.272631 0.279361 0.286187 0.293108 0.300122 0.307229 0.314426 0.321713 0.329087 0.336546 0.344089 0.351711 0.35941 0.367183 0.375026 0.382934 0.390902 0.398927 0.407001 0.415119 0.423274 0.431459 0.439667 0.447889 0.456116 0.464341 0.472552 0.480741 0.488897 0.497009 0.505067 0.513059 0.520974 0.5288 
0.03125 0.03343 0.0355215 0.0375358 0.0394843 0.041378 0.0432279 0.0450445 0.0468382 0.0486186 0.0503955 0.0521778 0.0539741 0.0557925 0.0576406 0.0595257 0.0614542 0.0634324 0.0654658 0.0675598 0.0697189 0.0719475 0.0742495 0.0766282 0.079087 0.0816284 0.0842549 0.0869688 0.0897719 0.0926658 0.0956519 0.0987316 0.101906 0.105176 0.108542 0.112005 0.115565 0.119223 0.12298 0.126835 0.130789 0.134842 0.138995 0.143247 0.147598 0.15205 0.1566 0.161251 0.166001 0.170852 0.175802 0.180852 0.186001 0.191251 0.1966 0.20205 0.207598 0.213247 0.218995 0.224842 0.230789 0.236835 0.24298 0.249223 0.255565 0.262005 0.268542 0.275176 0.281906 0.288732 0.295652 0.302666 0.309772 0.316969 0.324255 0.331628 0.339087 0.346628 0.354249 0.361948 0.369719 0.37756 0.385466 0.393432 0.401454 0.409526 0.417641 0.425792 0.433974 0.442178 0.450395 0.458619 0.466838 0.475045 0.483228 0.491378 0.499484 0.507536 0.515521 0.52343 0.53125 
0.0338 0.0359853 0.038082 0.0401016 0.0420551 0.0439538 0.0458085 0.0476296 0.0494275 0.0512121 0.0529928 0.0547787 0.0565783 0.0583997 0.0602506 0.0621382 0.064069 0.0660492 0.0680845 0.0701801 0.0723406 0.0745705 0.0768736 0.0792533 0.0817128 0.0842549 0.0868821 0.0895965 0.0924 0.0952942 0.0982807 0.101361 0.104535 0.107805 0.111171 0.114634 0.118195 0.121853 0.12561 0.129465 0.133419 0.137472 0.141625 0.145877 0.150229 0.15468 0.159231 0.163881 0.168632 0.173482 0.178432 0.183482 0.188632 0.193881 0.199231 0.20468 0.210229 0.215877 0.221625 0.227472 0.233419 0.239465 0.24561 0.251853 0.258195 0.264634 0.271171 0.277805 0.284535 0.291361 0.298281 0.305294 0.3124 0.319596 0.326882 0.334255 0.341713 0.349253 0.356874 0.364571 0.372341 0.38018 0.388085 0.396049 0.404069 0.412138 0.420251 0.4284 0.436578 0.444779 0.452993 0.461212 0.469428 0.47763 0.485808 0.493954 0.502055 0.510102 0.518082 0.525985 0.5338 
0.03645 0.0386397 0.0407408 0.0427646 0.0447224 0.0466252 0.0484838 0.0503087 0.0521103 0.0538982 0.0556821 0.0574709 0.0592733 0.0610973 0.0629506 0.0648402 0.066773 0.0687549 0.0707917 0.0728887 0.0750504 0.0772814 0.0795853 0.0819659 0.0844261 0.0869688 0.0895965 0.0923113 0.0951151 0.0980097 0.100996 0.104077 0.107251 0.110521 0.113888 0.117351 0.120911 0.12457 0.128326 0.132182 0.136136 0.140189 0.144342 0.148594 0.152945 0.157397 0.161947 0.166598 0.171348 0.176199 0.181149 0.186199 0.191348 0.196598 0.201947 0.207397 0.212945 0.218594 0.224342 0.230189 0.236136 0.242182 0.248326 0.25457 0.260911 0.267351 0.273888 0.280521 0.287251 0.294077 0.300996 0.30801 0.315115 0.322311 0.329596 0.336969 0.344426 0.351966 0.359585 0.367281 0.37505 0.382889 0.390792 0.398755 0.406773 0.41484 0.422951 0.431097 0.439273 0.447471 0.455682 0.463898 0.47211 0.480309 0.488484 0.496625 0.504722 0.512765 0.520741 0.52864 0.53645 
0.0392 0.0413933 0.043498 0.0455254 0.0474867 0.0493928 0.0512547 0.0530828 0.0548873 0.0566781 0.0584647 0.060256 0.0620606 0.0638867 0.0657419 0.0676334 0.0695677 0.0715511 0.0735892 0.0756873 0.0778501 0.0800819 0.0823866 0.0847678 0.0872286 0.0897719 0.0924 0.0951151 0.0979193 0.100814 0.103801 0.106881 0.110056 0.113326 0.116693 0.120156 0.123717 0.127375 0.131132 0.134987 0.138941 0.142995 0.147147 0.151399 0.155751 0.160202 0.164753 0.169404 0.174154 0.179004 0.183954 0.189004 0.194154 0.199404 0.204753 0.210202 0.215751 0.221399 0.227147 0.232995 0.238941 0.244987 0.251132 0.257375 0.263717 0.270156 0.276693 0.283326 0.290056 0.296881 0.303801 0.310814 0.317919 0.325115 0.3324 0.339772 0.347229 0.354768 0.362387 0.370082 0.37785 0.385687 0.393589 0.401551 0.409568 0.417633 0.425742 0.433887 0.442061 0.450256 0.458465 0.466678 0.474887 0.483083 0.491255 0.499393 0.507487 0.515525 0.523498 0.531393 0.5392 
0.04205 0.0442463 0.046354 0.0483843 0.0503484 0.0522574 0.0541219 0.0559526 0.0577596 0.0595527 0.0613415 0.0631348 0.0649414 0.0667693 0.0686261 0.070519 0.0724547 0.0744392 0.0764784 0.0785775 0.0807411 0.0829736 0.085279 0.0876608 0.0901221 0.0926658 0.0952942 0.0980097 0.100814 0.103709 0.106696 0.109777 0.112952 0.116222 0.119589 0.123052 0.126612 0.130271 0.134028 0.137883 0.141837 0.145891 0.150043 0.154295 0.158647 0.163098 0.167649 0.1723 0.17705 0.1819 0.18685 0.1919 0.19705 0.2023 0.207649 0.213098 0.218647 0.224295 0.230043 0.235891 0.241837 0.247883 0.254028 0.260271 0.266612 0.273052 0.279589 0.286222 0.292952 0.299777 0.306696 0.313709 0.320814 0.32801 0.335294 0.342666 0.350122 0.357661 0.365279 0.372974 0.380741 0.388577 0.396478 0.404439 0.412455 0.420519 0.428626 0.436769 0.444941 0.453135 0.461341 0.469553 0.47776 0.485953 0.494122 0.502257 0.510348 0.518384 0.526354 0.534246 0.54205 
0.045 0.0471988 0.0493089 0.0513416 0.0533081 0.0552193 0.0570861 0.0589189 0.0607279 0.062523 0.0643135 0.0661086 0.0679167 0.069746 0.0716042 0.0734983 0.0754351 0.0774206 0.0794607 0.0815605 0.0837249 0.085958 0.088264 0.0906462 0.0931079 0.0956519 0.0982807 0.100996 0.103801 0.106696 0.109684 0.112764 0.115939 0.11921 0.122576 0.12604 0.1296 0.133259 0.137016 0.140871 0.144825 0.148879 0.153031 0.157283 0.161635 0.166086 0.170637 0.175288 0.180038 0.184888 0.189838 0.194888 0.200038 0.205288 0.210637 0.216086 0.221635 0.227283 0.233031 0.238879 0.244825 0.250871 0.257016 0.263259 0.2696 0.27604 0.282576 0.28921 0.295939 0.302764 0.309684 0.316696 0.323801 0.330996 0.338281 0.345652 0.353108 0.360646 0.368264 0.375958 0.383725 0.391561 0.399461 0.407421 0.415435 0.423498 0.431604 0.439746 0.447917 0.456109 0.464314 0.472523 0.480728 0.488919 0.497086 0.505219 0.513308 0.521342 0.529309 0.537199 0.545 
0.04805 0.0502508 0.0523629 0.0543976 0.056366 0.0582791 0.0601477 0.0619822 0.0637929 0.0655895 0.0673815 0.069178 0.0709874 0.0728179 0.0746772 0.0765723 0.07851 0.0804964 0.0825372 0.0846376 0.0868026 0.0890362 0.0913426 0.0937253 0.0961873 0.0987316 0.101361 0.104077 0.106881 0.109777 0.112764 0.115845 0.11902 0.122291 0.125657 0.129121 0.132681 0.13634 0.140097 0.143952 0.147907 0.15196 0.156113 0.160365 0.164716 0.169167 0.173718 0.178369 0.183119 0.18797 0.19292 0.19797 0.203119 0.208369 0.213718 0.219167 0.224716 0.230365 0.236113 0.24196 0.247907 0.253952 0.260097 0.26634 0.272681 0.279121 0.285657 0.292291 0.29902 0.305845 0.312764 0.319777 0.326881 0.334077 0.341361 0.348732 0.356187 0.363725 0.371343 0.379036 0.386803 0.394638 0.402537 0.410496 0.41851 0.426572 0.434677 0.442818 0.450987 0.459178 0.467382 0.475589 0.483793 0.491982 0.500148 0.508279 0.516366 0.524398 0.532363 0.540251 0.54805 
0.0512 0.0534024 0.0555161 0.0575524 0.0595224 0.061437 0.0633071 0.065143 0.066955 0.068753 0.0705462 0.0723438 0.0741543 0.0759858 0.0778459 0.0797419 0.0816803 0.0836674 0.0857088 0.0878098 0.0899752 0.0922093 0.0945161 0.096899 0.0993614 0.101906 0.104535 0.107251 0.110056 0.112952 0.115939 0.11902 0.122195 0.125466 0.128832 0.132296 0.135857 0.139515 0.143272 0.147128 0.151082 0.155135 0.159288 0.16354 0.167892 0.172343 0.176894 0.181544 0.186295 0.191145 0.196095 0.201145 0.206295 0.211544 0.216894 0.222343 0.227892 0.23354 0.239288 0.245135 0.251082 0.257128 0.263272 0.269515 0.275857 0.282296 0.288832 0.295466 0.302195 0.30902 0.315939 0.322952 0.330056 0.337251 0.344535 0.351906 0.359361 0.366899 0.374516 0.382209 0.389975 0.39781 0.405709 0.413667 0.42168 0.429742 0.437846 0.445986 0.454154 0.462344 0.470546 0.478753 0.486955 0.495143 0.503307 0.511437 0.519522 0.527552 0.535516 0.543402 0.5512 
0.05445 0.0566537 0.0587688 0.0608063 0.0627776 0.0646935 0.0665647 0.0684018 0.0702149 0.0720139 0.0738081 0.0756066 0.077418 0.0792503 0.0811111 0.0830078 0.0849468 0.0869344 0.0889763 0.0910778 0.0932436 0.095478 0.0977851 0.100168 0.102631 0.105176 0.107805 0.110521 0.113326 0.116222 0.11921 0.122291 0.125466 0.128736 0.132103 0.135567 0.139127 0.142786 0.146543 0.150398 0.154353 0.158406 0.162559 0.166811 0.171162 0.175614 0.180165 0.184815 0.189566 0.194416 0.199366 0.204416 0.209566 0.214815 0.220165 0.225614 0.231162 0.236811 0.242559 0.248406 0.254353 0.260398 0.266543 0.272786 0.279127 0.285567 0.292103 0.298736 0.305466 0.312291 0.31921 0.326222 0.333326 0.340521 0.347805 0.355176 0.362631 0.370168 0.377785 0.385478 0.393244 0.401078 0.408976 0.416934 0.424947 0.433008 0.441111 0.44925 0.457418 0.465607 0.473808 0.482014 0.490215 0.498402 0.506565 0.514693 0.522778 0.530806 0.538769 0.546654 0.55445 
0.0578 0.0600048 0.0621209 0.0641595 0.0661318 0.0680487 0.0699209 0.0717589 0.0735729 0.0753727 0.0771678 0.078967 0.080779 0.082612 0.0844735 0.0863706 0.0883102 0.0902982 0.0923405 0.0944424 0.0966085 0.0988432 0.101151 0.103534 0.105997 0.108542 0.111171 0.113888 0.116693 0.119589 0.122576 0.125657 0.128832 0.132103 0.13547 0.138933 0.142494 0.146153 0.14991 0.153765 0.15772 0.161773 0.165926 0.170178 0.174529 0.17898 0.183531 0.188182 0.192932 0.197783 0.202733 0.207783 0.212932 0.218182 0.223531 0.22898 0.234529 0.240178 0.245926 0.251773 0.25772 0.263765 0.26991 0.276153 0.282494 0.288933 0.29547 0.302103 0.308832 0.315657 0.322576 0.329589 0.336693 0.343888 0.351171 0.358542 0.365997 0.373534 0.381151 0.388843 0.396608 0.404442 0.412341 0.420298 0.42831 0.436371 0.444473 0.452612 0.460779 0.468967 0.477168 0.485373 0.493573 0.501759 0.509921 0.518049 0.526132 0.53416 0.542121 0.550005 0.5578 
0.06125 0.0634557 0.0655726 0.0676121 0.0695852 0.0715028 0.0733758 0.0752146 0.0770294 0.0788298 0.0806255 0.0824254 0.084238 0.0860714 0.0879334 0.089831 0.0917709 0.0937594 0.095802 0.0979041 0.10007 0.102305 0.104613 0.106997 0.10946 0.112005 0.114634 0.117351 0.120156 0.123052 0.12604 0.129121 0.132296 0.135567 0.138933 0.142397 0.145958 0.149616 0.153373 0.157229 0.161183 0.165237 0.169389 0.173641 0.177993 0.182444 0.186995 0.191646 0.196396 0.201246 0.206196 0.211246 0.216396 0.221646 0.226995 0.232444 0.237993 0.243641 0.249389 0.255237 0.261183 0.267229 0.273373 0.279616 0.285958 0.292397 0.298933 0.305567 0.312296 0.319121 0.32604 0.333052 0.340156 0.347351 0.354634 0.362005 0.36946 0.376997 0.384613 0.392305 0.40007 0.407904 0.415802 0.423759 0.431771 0.439831 0.447933 0.456071 0.464238 0.472425 0.480626 0.48883 0.497029 0.505215 0.513376 0.521503 0.529585 0.537612 0.545573 0.553456 0.56125 
0.0648 0.0670063 0.069124 0.0711641 0.0731379 0.0750562 0.0769298 0.0787692 0.0805845 0.0823855 0.0841817 0.0859821 0.0877951 0.089629 0.0914913 0.0933893 0.0953296 0.0973183 0.0993612 0.101464 0.10363 0.105865 0.108173 0.110557 0.11302 0.115565 0.118195 0.120911 0.123717 0.126612 0.1296 0.132681 0.135857 0.139127 0.142494 0.145958 0.149519 0.153177 0.156934 0.16079 0.164744 0.168797 0.17295 0.177202 0.181554 0.186005 0.190556 0.195207 0.199957 0.204807 0.209757 0.214807 0.219957 0.225207 0.230556 0.236005 0.241554 0.247202 0.25295 0.258797 0.264744 0.27079 0.276934 0.283177 0.289519 0.295958 0.302494 0.309127 0.315857 0.322681 0.3296 0.336612 0.343717 0.350911 0.358195 0.365565 0.37302 0.380557 0.388173 0.395865 0.40363 0.411464 0.419361 0.427318 0.43533 0.443389 0.451491 0.459629 0.467795 0.475982 0.484182 0.492386 0.500585 0.508769 0.51693 0.525056 0.533138 0.541164 0.549124 0.557006 0.5648 
0.06845 0.0706569 0.0727751 0.0748157 0.07679 0.0787089 0.080583 0.0824228 0.0842386 0.0860401 0.0878367 0.0896374 0.0914508 0.093285 0.0951477 0.097046 0.0989865 0.100975 0.103019 0.105121 0.107288 0.109523 0.111831 0.114215 0.116678 0.119223 0.121853 0.12457 0.127375 0.130271 0.133259 0.13634 0.139515 0.142786 0.146153 0.149616 0.153177 0.156836 0.160593 0.164448 0.168403 0.172456 0.176609 0.180861 0.185213 0.189664 0.194215 0.198865 0.203616 0.208466 0.213416 0.218466 0.223616 0.228865 0.234215 0.239664 0.245213 0.250861 0.256609 0.262456 0.268403 0.274448 0.280593 0.286836 0.293177 0.299616 0.306153 0.312786 0.319515 0.32634 0.333259 0.340271 0.347375 0.35457 0.361853 0.369223 0.376678 0.384215 0.391831 0.399523 0.407288 0.415121 0.423019 0.430975 0.438986 0.447046 0.455148 0.463285 0.471451 0.479637 0.487837 0.49604 0.504239 0.512423 0.520583 0.528709 0.53679 0.544816 0.552775 0.560657 0.56845 
0.0722 0.0744073 0.0765259 0.078567 0.0805417 0.082461 0.0843355 0.0861757 0.0879919 0.0897937 0.0915906 0.0933917 0.0952054 0.0970399 0.0989028 0.100801 0.102742 0.104731 0.106774 0.108877 0.111044 0.113279 0.115587 0.117971 0.120435 0.12298 0.12561 0.128326 0.131132 0.134028 0.137016 0.140097 0.143272 0.146543 0.14991 0.153373 0.156934 0.160593 0.16435 0.168205 0.17216 0.176213 0.180366 0.184618 0.18897 0.193421 0.197972 0.202622 0.207373 0.212223 0.217173 0.222223 0.227373 0.232622 0.237972 0.243421 0.24897 0.254618 0.260366 0.266213 0.27216 0.278205 0.28435 0.290593 0.296934 0.303373 0.30991 0.316543 0.323272 0.330097 0.337016 0.344028 0.351132 0.358326 0.36561 0.37298 0.380435 0.387971 0.395587 0.403279 0.411044 0.418877 0.426774 0.434731 0.442742 0.450801 0.458903 0.46704 0.475205 0.483392 0.491591 0.499794 0.507992 0.516176 0.524335 0.532461 0.540542 0.548567 0.556526 0.564407 0.5722 
0.07605 0.0782577 0.0803766 0.0824181 0.0843931 0.0863127 0.0881875 0.090028 0.0918445 0.0936466 0.0954437 0.097245 0.099059 0.100894 0.102757 0.104655 0.106596 0.108586 0.110629 0.112732 0.114899 0.117134 0.119442 0.121826 0.12429 0.126835 0.129465 0.132182 0.134987 0.137883 0.140871 0.143952 0.147128 0.150398 0.153765 0.157229 0.16079 0.164448 0.168205 0.172061 0.176015 0.180069 0.184221 0.188473 0.192825 0.197276 0.201827 0.206478 0.211228 0.216078 0.221029 0.226078 0.231228 0.236478 0.241827 0.247276 0.252825 0.258473 0.264221 0.270069 0.276015 0.282061 0.288205 0.294448 0.30079 0.307229 0.313765 0.320398 0.327128 0.333952 0.340871 0.347883 0.354987 0.362182 0.369465 0.376835 0.38429 0.391826 0.399442 0.407134 0.414899 0.422732 0.430629 0.438586 0.446596 0.454655 0.462757 0.470894 0.479059 0.487245 0.495444 0.503647 0.511844 0.520028 0.528187 0.536313 0.544393 0.552418 0.560377 0.568258 0.57605 
0.08 0.0822079 0.0843272 0.0863689 0.0883442 0.090264 0.0921391 0.0939798 0.0957965 0.0975988 0.0993962 0.101198 0.103012 0.104847 0.10671 0.108609 0.11055 0.112539 0.114583 0.116686 0.118853 0.121088 0.123396 0.12578 0.128244 0.130789 0.133419 0.136136 0.138941 0.141837 0.144825 0.147907 0.151082 0.154353 0.15772 0.161183 0.164744 0.168403 0.17216 0.176015 0.17997 0.184023 0.188176 0.192428 0.196779 0.201231 0.205782 0.210432 0.215183 0.220033 0.224983 0.230033 0.235183 0.240432 0.245782 0.251231 0.256779 0.262428 0.268176 0.274023 0.27997 0.286015 0.29216 0.298403 0.304744 0.311183 0.31772 0.324353 0.331082 0.337907 0.344825 0.351837 0.358941 0.366136 0.373419 0.380789 0.388244 0.39578 0.403396 0.411088 0.418853 0.426686 0.434583 0.442539 0.45055 0.458609 0.46671 0.474847 0.483012 0.491198 0.499396 0.507599 0.515796 0.52398 0.532139 0.540264 0.548344 0.556369 0.564327 0.572208 0.58 
0.08405 0.0862582 0.0883776 0.0904195 0.092395 0.094315 0.0961903 0.0980313 0.0998481 0.101651 0.103448 0.10525 0.107064 0.108899 0.110762 0.112661 0.114602 0.116592 0.118636 0.120739 0.122906 0.125141 0.127449 0.129834 0.132297 0.134842 0.137472 0.140189 0.142995 0.145891 0.148879 0.15196 0.155135 0.158406 0.161773 0.165237 0.168797 0.172456 0.176213 0.180069 0.184023 0.188077 0.192229 0.196481 0.200833 0.205284 0.209835 0.214486 0.219236 0.224086 0.229036 0.234086 0.239236 0.244486 0.249835 0.255284 0.260833 0.266481 0.272229 0.278077 0.284023 0.290069 0.296213 0.302456 0.308797 0.315237 0.321773 0.328406 0.335135 0.34196 0.348879 0.355891 0.362995 0.370189 0.377472 0.384842 0.392297 0.399834 0.407449 0.415141 0.422906 0.430739 0.438636 0.446592 0.454602 0.462661 0.470762 0.478899 0.487064 0.49525 0.503448 0.511651 0.519848 0.528031 0.53619 0.544315 0.552395 0.560419 0.568378 0.576258 0.58405 
0.0882 0.0904083 0.0925279 0.09457 0.0965456 0.0984658 0.100341 0.102182 0.103999 0.105802 0.1076 0.109401 0.111216 0.113051 0.114914 0.116813 0.118755 0.120744 0.122788 0.124891 0.127058 0.129294 0.131602 0.133986 0.13645 0.138995 0.141625 0.144342 0.147147 0.150043 0.153031 0.156113 0.159288 0.162559 0.165926 0.169389 0.17295 0.176609 0.180366 0.184221 0.188176 0.192229 0.196382 0.200634 0.204986 0.209437 0.213988 0.218638 0.223389 0.228239 0.233189 0.238239 0.243389 0.248638 0.253988 0.259437 0.264986 0.270634 0.276382 0.282229 0.288176 0.294221 0.300366 0.306609 0.31295 0.319389 0.325926 0.332559 0.339288 0.346113 0.353031 0.360043 0.367147 0.374342 0.381625 0.388995 0.39645 0.403986 0.411602 0.419294 0.427058 0.434891 0.442788 0.450744 0.458755 0.466813 0.474914 0.483051 0.491216 0.499401 0.5076 0.515802 0.523999 0.532182 0.540341 0.548466 0.556546 0.56457 0.572528 0.580408 0.5882 
